61.0,-809.0 69.0,-809.0 69.0,-801.0 61.0,-801.0 
-7.0,-973.0 7.0,-973.0 7.0,-959.0 -7.0,-959.0 
-1119.0,-869.0 -1083.0,-869.0 -1083.0,-787.0 -1161.0,-787.0 -1161.0,-865.0 
49.0,-659.0 117.0,-659.0 117.0,-591.0 49.0,-591.0 
-969.0,-1163.0 -955.0,-1163.0 -947.0,-1161.0 -941.0,-1157.0 -935.0,-1151.0 -931.0,-1143.0 -931.0,-1121.0 -933.0,-1115.0 -935.0,-1111.0 -939.0,-1107.0 -945.0,-1103.0 -951.0,-1101.0 -973.0,-1101.0 -977.0,-1103.0 -983.0,-1107.0 -987.0,-1111.0 -991.0,-1117.0 -993.0,-1125.0 -993.0,-1139.0 -991.0,-1145.0 -987.0,-1153.0 -983.0,-1157.0 -975.0,-1161.0 
-1133.0,-975.0 -1127.0,-975.0 -1125.0,-973.0 -1121.0,-967.0 -1107.0,-941.0 -1105.0,-937.0 -1105.0,-931.0 -1155.0,-931.0 -1155.0,-937.0 -1141.0,-963.0 -1135.0,-973.0 
-965.0,-477.0 -957.0,-477.0 -935.0,-451.0 -935.0,-445.0 -947.0,-411.0 -981.0,-405.0 -989.0,-405.0 -989.0,-411.0 -983.0,-429.0 
-961.0,-1081.0 -925.0,-1081.0 -925.0,-1045.0 -961.0,-1045.0 
-985.0,-981.0 -949.0,-981.0 -949.0,-943.0 -985.0,-943.0 
-733.0,-859.0 -723.0,-859.0 -717.0,-855.0 -717.0,-823.0 -723.0,-821.0 -747.0,-821.0 -753.0,-823.0 -753.0,-857.0 
-77.0,-1147.0 -65.0,-1147.0 -61.0,-1143.0 -61.0,-1131.0 -65.0,-1127.0 -77.0,-1127.0 -79.0,-1129.0 -81.0,-1133.0 -81.0,-1141.0 -79.0,-1145.0 
-121.0,-1063.0 -107.0,-1063.0 -107.0,-1049.0 -121.0,-1049.0 
-49.0,-1157.0 1.0,-1157.0 3.0,-1147.0 3.0,-1115.0 1.0,-1111.0 -3.0,-1107.0 -33.0,-1105.0 -49.0,-1105.0 
-591.0,-979.0 -553.0,-979.0 -553.0,-943.0 -591.0,-943.0 
-821.0,-1055.0 -785.0,-1055.0 -785.0,-1017.0 -821.0,-1017.0 
-969.0,-653.0 -933.0,-653.0 -933.0,-615.0 -969.0,-615.0 
-819.0,-973.0 -783.0,-973.0 -783.0,-937.0 -819.0,-937.0 
-941.0,-879.0 -905.0,-879.0 -905.0,-797.0 -983.0,-797.0 -983.0,-875.0 
-1129.0,-593.0 -1101.0,-593.0 -1057.0,-583.0 -1049.0,-581.0 -1045.0,-579.0 -1035.0,-569.0 -1033.0,-561.0 -1033.0,-553.0 -1035.0,-547.0 -1039.0,-541.0 -1045.0,-537.0 -1049.0,-535.0 -1055.0,-533.0 -1063.0,-531.0 -1083.0,-531.0 -1099.0,-533.0 -1107.0,-535.0 -1113.0,-537.0 -1117.0,-539.0 -1129.0,-547.0 -1137.0,-557.0 -1139.0,-561.0 -1139.0,-583.0 -1137.0,-587.0 -1133.0,-591.0 
-1123.0,-779.0 -1115.0,-779.0 -1095.0,-743.0 -1095.0,-737.0 -1143.0,-737.0 -1143.0,-743.0 
-1127.0,-425.0 -1039.0,-425.0 -1039.0,-419.0 -1059.0,-383.0 -1107.0,-383.0 -1147.0,-385.0 -1147.0,-391.0 
-1093.0,-667.0 -1061.0,-667.0 -1061.0,-629.0 -1093.0,-629.0 
-1237.0,-445.0 -1201.0,-445.0 -1201.0,-409.0 -1237.0,-409.0 
-729.0,-699.0 -715.0,-699.0 -715.0,-691.0 -717.0,-665.0 -741.0,-665.0 -747.0,-679.0 -749.0,-691.0 -749.0,-697.0 
-447.0,-491.0 -417.0,-491.0 -417.0,-439.0 -469.0,-439.0 -469.0,-469.0 
-471.0,-671.0 -405.0,-671.0 -405.0,-603.0 -471.0,-603.0 
-393.0,-565.0 -357.0,-565.0 -357.0,-527.0 -393.0,-527.0 
-235.0,-891.0 -169.0,-891.0 -169.0,-825.0 -235.0,-825.0 
-109.0,-967.0 -77.0,-967.0 -77.0,-935.0 -109.0,-935.0 
-1171.0,-1165.0 -1105.0,-1165.0 -1105.0,-1099.0 -1171.0,-1099.0 
-463.0,-1081.0 -441.0,-1081.0 -437.0,-1079.0 -431.0,-1075.0 -429.0,-1073.0 -425.0,-1067.0 -423.0,-1063.0 -421.0,-1057.0 -421.0,-1045.0 -423.0,-1037.0 -425.0,-1033.0 -429.0,-1027.0 -431.0,-1025.0 -437.0,-1021.0 -445.0,-1019.0 -461.0,-1019.0 -467.0,-1021.0 -471.0,-1023.0 -479.0,-1031.0 -483.0,-1037.0 -483.0,-1063.0 -481.0,-1067.0 -477.0,-1073.0 -475.0,-1075.0 
-907.0,-767.0 -847.0,-767.0 -847.0,-757.0 -869.0,-719.0 -873.0,-715.0 -879.0,-715.0 -883.0,-719.0 -895.0,-739.0 -905.0,-757.0 -907.0,-761.0 
-477.0,-981.0 -441.0,-981.0 -441.0,-945.0 -477.0,-945.0 
-817.0,-873.0 -781.0,-873.0 -781.0,-837.0 -817.0,-837.0 
-385.0,-1161.0 -361.0,-1161.0 -353.0,-1157.0 -351.0,-1155.0 -347.0,-1149.0 -345.0,-1145.0 -345.0,-1123.0 -349.0,-1115.0 -355.0,-1109.0 -359.0,-1107.0 -365.0,-1105.0 -381.0,-1105.0 -387.0,-1107.0 -395.0,-1113.0 -399.0,-1119.0 -401.0,-1125.0 -401.0,-1143.0 -397.0,-1151.0 -389.0,-1159.0 
-397.0,-857.0 -391.0,-857.0 -343.0,-829.0 -343.0,-715.0 -351.0,-715.0 -397.0,-743.0 
-253.0,-587.0 -217.0,-587.0 -217.0,-551.0 -253.0,-551.0 
-823.0,-811.0 -787.0,-811.0 -787.0,-773.0 -823.0,-773.0 
-649.0,-975.0 -613.0,-975.0 -613.0,-937.0 -649.0,-937.0 
-767.0,-759.0 -731.0,-759.0 -731.0,-723.0 -767.0,-723.0 
-819.0,-499.0 -783.0,-499.0 -783.0,-463.0 -819.0,-463.0 
-311.0,-779.0 -251.0,-779.0 -251.0,-773.0 -255.0,-765.0 -277.0,-727.0 -285.0,-727.0 -297.0,-747.0 -307.0,-765.0 -311.0,-773.0 
-747.0,-491.0 -711.0,-491.0 -711.0,-453.0 -747.0,-453.0 
-1107.0,-1047.0 -1069.0,-1047.0 -1069.0,-1015.0 -1107.0,-1015.0 
-611.0,-565.0 -575.0,-565.0 -575.0,-533.0 -579.0,-531.0 -587.0,-529.0 -611.0,-529.0 
-717.0,-1081.0 -681.0,-1081.0 -681.0,-1047.0 -685.0,-1045.0 -705.0,-1043.0 -717.0,-1043.0 
-653.0,-565.0 -617.0,-565.0 -617.0,-533.0 -619.0,-529.0 -653.0,-529.0 
-747.0,-955.0 -711.0,-955.0 -711.0,-919.0 -747.0,-919.0 
45.0,-591.0 111.0,-591.0 111.0,-525.0 45.0,-525.0 
-393.0,-453.0 -357.0,-453.0 -357.0,-417.0 -393.0,-417.0 
-63.0,-783.0 -21.0,-783.0 -21.0,-739.0 -27.0,-739.0 -63.0,-741.0 
-213.0,-1135.0 -199.0,-1135.0 -199.0,-1121.0 -213.0,-1121.0 
-79.0,-1007.0 -65.0,-1007.0 -65.0,-993.0 -79.0,-993.0 
65.0,-885.0 103.0,-885.0 103.0,-849.0 65.0,-849.0 
-759.0,-699.0 -745.0,-699.0 -745.0,-689.0 -747.0,-665.0 -771.0,-665.0 -777.0,-679.0 -779.0,-691.0 -779.0,-697.0 
-915.0,-987.0 -861.0,-987.0 -861.0,-933.0 -915.0,-933.0 
-717.0,-437.0 -709.0,-437.0 -697.0,-417.0 -689.0,-403.0 -689.0,-393.0 -737.0,-393.0 -737.0,-403.0 -723.0,-427.0 
-823.0,-581.0 -787.0,-581.0 -787.0,-545.0 -823.0,-545.0 
-1085.0,-1165.0 -1019.0,-1165.0 -1019.0,-1099.0 -1085.0,-1099.0 
-709.0,-999.0 -685.0,-999.0 -685.0,-973.0 -709.0,-973.0 
-307.0,-891.0 -241.0,-891.0 -241.0,-825.0 -307.0,-825.0 
-1155.0,-691.0 -1119.0,-691.0 -1119.0,-653.0 -1155.0,-653.0 
-1243.0,-631.0 -1207.0,-631.0 -1207.0,-595.0 -1243.0,-595.0 
-611.0,-491.0 -581.0,-491.0 -581.0,-439.0 -633.0,-439.0 -633.0,-469.0 
-557.0,-453.0 -521.0,-453.0 -521.0,-417.0 -557.0,-417.0 
-645.0,-659.0 -609.0,-659.0 -609.0,-623.0 -645.0,-623.0 
-581.0,-659.0 -543.0,-659.0 -543.0,-623.0 -581.0,-623.0 
-545.0,-565.0 -509.0,-565.0 -509.0,-533.0 -511.0,-531.0 -521.0,-529.0 -545.0,-529.0 
-537.0,-623.0 -505.0,-623.0 -505.0,-617.0 -517.0,-593.0 -523.0,-593.0 -531.0,-605.0 -537.0,-617.0 
-1085.0,-783.0 -1019.0,-783.0 -1019.0,-717.0 -1085.0,-717.0 
-713.0,-619.0 -681.0,-619.0 -677.0,-615.0 -677.0,-583.0 -713.0,-583.0 
-649.0,-613.0 -615.0,-613.0 -615.0,-577.0 -651.0,-577.0 -651.0,-609.0 
-1239.0,-675.0 -1203.0,-675.0 -1203.0,-639.0 -1239.0,-639.0 
-1239.0,-1149.0 -1203.0,-1149.0 -1203.0,-1113.0 -1239.0,-1113.0 
-1253.0,-779.0 -1193.0,-779.0 -1193.0,-719.0 -1253.0,-719.0 
-825.0,-425.0 -787.0,-425.0 -787.0,-389.0 -825.0,-389.0 
-697.0,-699.0 -685.0,-699.0 -685.0,-691.0 -687.0,-665.0 -709.0,-665.0 -717.0,-679.0 -717.0,-697.0 
-147.0,-893.0 -75.0,-893.0 -75.0,-821.0 -147.0,-821.0 