-511.0298767089844,-1164.3231201171875
-510.8871765136719,-1164.2449951171875
-510.7522888183594,-1164.1717529296875
-510.5983581542969,-1164.0887451171875
-510.45245361328125,-1164.0106201171875
-510.31488037109375,-1163.9373779296875
-510.16729736328125,-1163.8592529296875
-510.0283203125,-1163.7850341796875
-509.87939453125,-1163.7049560546875
-509.7392883300781,-1163.6297607421875
-509.5705261230469,-1163.539794921875
-509.43896484375,-1163.4696044921875
-509.2979431152344,-1163.3939208984375
-509.1287841796875,-1163.3016357421875
-508.9971618652344,-1163.2298583984375
-508.8467712402344,-1163.1478271484375
-508.6776123046875,-1163.054931640625
-508.53662109375,-1162.9761962890625
-508.4050598144531,-1162.901611328125
-508.23638916015625,-1162.8035888671875
-508.0870666503906,-1162.7144775390625
-507.9383850097656,-1162.6234130859375
-507.7997131347656,-1162.5362548828125
-507.60699462890625,-1162.41162109375
-507.4517517089844,-1162.3099365234375
-507.30615234375,-1162.213134765625
-507.1340637207031,-1162.09716796875
-506.998779296875,-1162.005615234375
-506.8551025390625,-1161.9061279296875
-506.71234130859375,-1161.806396484375
-506.5535583496094,-1161.6912841796875
-506.4319763183594,-1161.5994873046875
-506.29510498046875,-1161.4918212890625
-506.1522216796875,-1161.3746337890625
-506.02001953125,-1161.2618408203125
-505.8899841308594,-1161.146728515625
-505.76971435546875,-1161.0369873046875
-505.64276123046875,-1160.9185791015625
-505.5172119140625,-1160.7994384765625
-505.4079895019531,-1160.694091796875
-505.2684631347656,-1160.557861328125
-505.1529541015625,-1160.4443359375
-505.03057861328125,-1160.32177734375
-504.908935546875,-1160.19873046875
-504.78076171875,-1160.0672607421875
-504.6842041015625,-1159.9649658203125
-504.55291748046875,-1159.8209228515625
-504.43115234375,-1159.682373046875
-504.3324890136719,-1159.5665283203125
-504.2211608886719,-1159.4329833984375
-493.2297668457031,-1146.0504150390625
-493.13690185546875,-1145.944091796875
-493.0155334472656,-1145.8050537109375
-492.908203125,-1145.682373046875
-492.7862854003906,-1145.5433349609375
-492.6715087890625,-1145.4124755859375
-492.5495910644531,-1145.2734375
-492.43487548828125,-1145.142578125
-492.3273010253906,-1145.0198974609375
-492.21295166015625,-1144.8890380859375
-492.09869384765625,-1144.7581787109375
-491.99859619140625,-1144.6436767578125
-491.88385009765625,-1144.5128173828125
-491.76910400390625,-1144.3819580078125
-491.65435791015625,-1144.2510986328125
-491.53961181640625,-1144.1202392578125
-491.3890075683594,-1143.948486328125
-491.2742614746094,-1143.817626953125
-491.1595153808594,-1143.686767578125
-491.0447692871094,-1143.555908203125
-490.9443664550781,-1143.44140625
-490.82244873046875,-1143.3023681640625
-490.7076721191406,-1143.1715087890625
-490.59295654296875,-1143.0406494140625
-490.4710388183594,-1142.901611328125
-490.3204040527344,-1142.7298583984375
-490.234375,-1142.6317138671875
-490.1052551269531,-1142.4844970703125
-489.29486083984375,-1141.560302734375
-489.15863037109375,-1141.4049072265625
-489.05780029296875,-1141.2904052734375
-488.94256591796875,-1141.1595458984375
-488.82733154296875,-1141.0286865234375
-488.7196044921875,-1140.906005859375
-488.6048278808594,-1140.775146484375
-488.49725341796875,-1140.6524658203125
-488.3750915527344,-1140.513427734375
-488.2598571777344,-1140.382568359375
-488.1446228027344,-1140.251708984375
-488.0293884277344,-1140.120849609375
-487.9285888671875,-1140.00634765625
-487.8349609375,-1139.9000244140625
-487.7125244140625,-1139.760986328125
-487.590576171875,-1139.6219482421875
-487.4827575683594,-1139.499267578125
-487.3531188964844,-1139.35205078125
-487.2522888183594,-1139.237548828125
-487.15142822265625,-1139.123046875
-487.0290222167969,-1138.9840087890625
-486.89935302734375,-1138.8367919921875
-486.78411865234375,-1138.7059326171875
-486.6833190917969,-1138.5914306640625
-486.57550048828125,-1138.46875
-486.4530334472656,-1138.3297119140625
-486.33062744140625,-1138.190673828125
-486.2369689941406,-1138.0843505859375
-486.11456298828125,-1137.9453125
-485.3943176269531,-1137.12744140625
-485.29351806640625,-1137.012939453125
-485.15667724609375,-1136.8575439453125
-485.04144287109375,-1136.7266845703125
-484.9333801269531,-1136.60400390625
-484.8397521972656,-1136.4976806640625
-484.7245178222656,-1136.3668212890625
-484.6092834472656,-1136.2359619140625
-484.4940490722656,-1136.1051025390625
-484.3788146972656,-1135.9742431640625
-484.2635803222656,-1135.8433837890625
-484.15557861328125,-1135.720703125
-484.04034423828125,-1135.58984375
-483.932373046875,-1135.4671630859375
-483.8243103027344,-1135.344482421875
-483.7090759277344,-1135.213623046875
-483.5938415527344,-1135.082763671875
-483.4786071777344,-1134.951904296875
-483.3633728027344,-1134.821044921875
-483.25537109375,-1134.6983642578125
-483.1329040527344,-1134.559326171875
-483.0180358886719,-1134.428466796875
-482.91033935546875,-1134.3057861328125
-482.80950927734375,-1134.1912841796875
-482.6438903808594,-1134.003173828125
-482.5286560058594,-1133.872314453125
-482.4134216308594,-1133.741455078125
-482.2981872558594,-1133.610595703125
-482.18310546875,-1133.479736328125
-482.04681396484375,-1133.3243408203125
-481.4566955566406,-1132.6536865234375
-481.31988525390625,-1132.498291015625
-481.21221923828125,-1132.3756103515625
-481.0974426269531,-1132.2447509765625
-480.98272705078125,-1132.1138916015625
-480.8747863769531,-1131.9912109375
-480.76678466796875,-1131.8685302734375
-480.6443176269531,-1131.7294921875
-480.53631591796875,-1131.6068115234375
-480.4138488769531,-1131.4677734375
-480.3062438964844,-1131.3450927734375
-480.184326171875,-1131.2060546875
-480.0695495605469,-1131.0750732421875
-479.9544372558594,-1130.9443359375
-479.8392028808594,-1130.8133544921875
-479.7239685058594,-1130.6826171875
-479.615966796875,-1130.5599365234375
-479.4647521972656,-1130.38818359375
-479.357177734375,-1130.2655029296875
-479.22808837890625,-1130.1182861328125
-479.1204833984375,-1129.99560546875
-479.01275634765625,-1129.8729248046875
-478.89752197265625,-1129.7420654296875
-478.7750549316406,-1129.60302734375
-478.66705322265625,-1129.4803466796875
-478.55902099609375,-1129.357666015625
-478.4441223144531,-1129.226806640625
-478.3365478515625,-1129.1041259765625
-478.2289733886719,-1128.9813232421875
-478.0926208496094,-1128.8260498046875
-477.96295166015625,-1128.6788330078125
-477.8333435058594,-1128.5316162109375
-477.6028747558594,-1128.2698974609375
-477.46630859375,-1128.114501953125
-477.3443908691406,-1127.9754638671875
-477.23681640625,-1127.852783203125
-477.107421875,-1127.70556640625
-477.006591796875,-1127.591064453125
-476.8985290527344,-1127.4683837890625
-476.7688903808594,-1127.3211669921875
-476.6680603027344,-1127.2066650390625
-476.5530090332031,-1127.0758056640625
-476.4382629394531,-1126.9449462890625
-476.3306884765625,-1126.822265625
-476.22271728515625,-1126.6995849609375
-476.10748291015625,-1126.5687255859375
-475.99224853515625,-1126.4378662109375
-475.87701416015625,-1126.3070068359375
-475.7762145996094,-1126.1925048828125
-475.6393737792969,-1126.037109375
-475.53173828125,-1125.9144287109375
-475.4241638183594,-1125.791748046875
-475.29486083984375,-1125.64453125
-475.20123291015625,-1125.5382080078125
-475.0788269042969,-1125.399169921875
-474.97076416015625,-1125.2764892578125
-474.8483581542969,-1125.137451171875
-474.6971130371094,-1124.9656982421875
-474.5965881347656,-1124.8511962890625
-474.467529296875,-1124.7039794921875
-474.3669738769531,-1124.5894775390625
-474.2157287597656,-1124.417724609375
-474.09332275390625,-1124.2786865234375
-473.9852600097656,-1124.156005859375
-473.87725830078125,-1124.0333251953125
-473.74761962890625,-1123.8861083984375
-473.63983154296875,-1123.763427734375
-473.5394287109375,-1123.64892578125
-473.41741943359375,-1123.5098876953125
-473.3093566894531,-1123.38720703125
-473.20135498046875,-1123.2645263671875
-473.0788879394531,-1123.12548828125
-472.97808837890625,-1123.010986328125
-472.85565185546875,-1122.8719482421875
-472.7477722167969,-1122.749267578125
-472.63299560546875,-1122.618408203125
-472.52532958984375,-1122.4957275390625
-472.39569091796875,-1122.3485107421875
-472.29486083984375,-1122.2340087890625
-472.17962646484375,-1122.1031494140625
-472.06439208984375,-1121.9722900390625
-471.9419860839844,-1121.833251953125
-461.06561279296875,-1109.4588623046875
-460.9647521972656,-1109.3443603515625
-460.8495178222656,-1109.2135009765625
-460.741943359375,-1109.0906982421875
-460.61285400390625,-1108.943603515625
-460.5193176269531,-1108.8372802734375
-460.39691162109375,-1108.6982421875
-460.2888488769531,-1108.5755615234375
-456.7222595214844,-1102.9903564453125
-456.7032775878906,-1102.9097900390625
-456.6846923828125,-1102.8292236328125
-456.6639404296875,-1102.7391357421875
-456.6456298828125,-1102.660400390625
-456.6248779296875,-1102.5711669921875
-456.60687255859375,-1102.492431640625
-456.5866394042969,-1102.4031982421875
-456.5699462890625,-1102.3297119140625
-456.5480041503906,-1102.2352294921875
-450.3143005371094,-1093.1361083984375
-450.1834411621094,-1093.0286865234375
-450.01165771484375,-1092.8875732421875
-449.88079833984375,-1092.7802734375
-449.7581481933594,-1092.6778564453125
-449.6272888183594,-1092.5684814453125
-443.08941650390625,-1086.128662109375
-443.0358581542969,-1086.0645751953125
-442.9754333496094,-1085.991943359375
-442.92242431640625,-1085.9278564453125
-434.0741271972656,-1077.421630859375
-433.94378662109375,-1077.323974609375
-433.8374938964844,-1077.24462890625
-433.6902160644531,-1077.1326904296875
-433.55889892578125,-1077.0330810546875
-433.43572998046875,-1076.939697265625
-433.3043212890625,-1076.840087890625
-433.1724853515625,-1076.740478515625
-433.05712890625,-1076.6531982421875
-432.92529296875,-1076.5521240234375
-432.80169677734375,-1076.4569091796875
-432.66986083984375,-1076.3553466796875
-432.5462646484375,-1076.2601318359375
-432.39794921875,-1076.1458740234375
-432.27447509765625,-1076.0506591796875
-432.14312744140625,-1075.9490966796875
-432.0281982421875,-1075.8602294921875
-431.8558044433594,-1075.7269287109375
-431.7165222167969,-1075.6190185546875
-431.5365905761719,-1075.4793701171875
-431.42236328125,-1075.3905029296875
-431.2840881347656,-1075.2825927734375
-431.162841796875,-1075.1873779296875
-431.03509521484375,-1075.0858154296875
-430.9022521972656,-1074.9796142578125
-430.7884521484375,-1074.8878173828125
-430.67926025390625,-1074.7989501953125
-430.5625305175781,-1074.703125
-430.4664001464844,-1074.6236572265625
-430.36572265625,-1074.5396728515625
-430.2583923339844,-1074.4495849609375
-430.17596435546875,-1074.38037109375
-430.10455322265625,-1074.3206787109375
-430.0376892089844,-1074.2652587890625
-429.97454833984375,-1074.213623046875
-429.91851806640625,-1074.1685791015625
-429.86181640625,-1074.123779296875
-429.8147277832031,-1074.0872802734375
-429.7603759765625,-1074.0465087890625
-429.7179870605469,-1074.015625
-429.6690673828125,-1073.9813232421875
-429.6228332519531,-1073.950927734375
-429.5841369628906,-1073.926513671875
-429.54486083984375,-1073.9036865234375
-429.50982666015625,-1073.8846435546875
-429.4742431640625,-1073.8668212890625
-429.4383239746094,-1073.8509521484375
-429.4160461425781,-1073.8421630859375
-429.3772888183594,-1073.8289794921875
-429.3479309082031,-1073.8209228515625
-428.8915100097656,-1074.1322021484375
-428.8831481933594,-1074.15283203125
-428.8744812011719,-1074.175048828125
-428.8650207519531,-1074.2012939453125
-428.85662841796875,-1074.2269287109375
-428.84710693359375,-1074.2576904296875
-428.8396911621094,-1074.2833251953125
-428.8318176269531,-1074.313232421875
-428.8253479003906,-1074.3406982421875
-428.8193359375,-1074.3680419921875
-428.81268310546875,-1074.401123046875
-428.80767822265625,-1074.4285888671875
-428.8592224121094,-1075.2440185546875
-428.8695068359375,-1075.2772216796875
-428.8785400390625,-1075.3045654296875
-428.89013671875,-1075.3377685546875
-428.90087890625,-1075.3670654296875
-428.91217041015625,-1075.3963623046875
-428.9247131347656,-1075.4276123046875
-428.93701171875,-1075.4569091796875
-428.9490051269531,-1075.4842529296875
-428.9642028808594,-1075.5174560546875
-428.9781188964844,-1075.5455322265625
-428.9944763183594,-1075.57666015625
-429.5552978515625,-1076.21630859375
-429.5909729003906,-1076.24072265625
-429.6199035644531,-1076.26025390625
-429.6473693847656,-1076.27783203125
-429.6770935058594,-1076.29541015625
-429.7071838378906,-1076.31298828125
-429.7356262207031,-1076.3294677734375
-429.7644348144531,-1076.3446044921875
-429.7974853515625,-1076.3612060546875
-429.84075927734375,-1076.3826904296875
-429.7350769042969,-1074.7991943359375
-429.6803894042969,-1074.7406005859375
-429.6217956542969,-1074.6781005859375
-429.55908203125,-1074.61083984375
-429.5074157714844,-1074.554443359375
-429.4444885253906,-1074.4859619140625
-429.3849182128906,-1074.4215087890625
-429.3253479003906,-1074.35693359375
-429.2769470214844,-1074.302978515625
-429.20989990234375,-1074.228271484375
-429.1466369628906,-1074.15771484375
-429.09478759765625,-1074.099609375
-429.03570556640625,-1074.03173828125
-424.48431396484375,-1068.34716796875
-424.4713134765625,-1068.3958740234375
-424.46246337890625,-1068.4346923828125
-424.4554138183594,-1068.4688720703125
-424.4476013183594,-1068.51416015625
-424.4420166015625,-1068.5526123046875
-424.43572998046875,-1068.6063232421875
-424.4322509765625,-1068.6492919921875
-424.4293212890625,-1068.705810546875
-424.4284362792969,-1068.748779296875
-424.4287414550781,-1068.791748046875
-424.43017578125,-1068.834716796875
-424.4339294433594,-1068.89111328125
-424.4382629394531,-1068.93408203125
-424.4442138671875,-1068.979736328125
-424.4506530761719,-1069.02001953125
-424.45928955078125,-1069.065673828125
-424.46807861328125,-1069.10595703125
-424.47943115234375,-1069.151611328125
-424.4898986816406,-1069.189208984375
-424.5047912597656,-1069.2371826171875
-424.5184326171875,-1069.275634765625
-424.5342102050781,-1069.316650390625
-424.55126953125,-1069.357666015625
-424.5672302246094,-1069.392333984375
-424.5867004394531,-1069.431396484375
-424.60870361328125,-1069.4727783203125
-424.6306457519531,-1069.5098876953125
-424.6508483886719,-1069.5423583984375
-424.6735534667969,-1069.5760498046875
-424.7005310058594,-1069.6134033203125
-424.7253723144531,-1069.645263671875
-424.7547302246094,-1069.6805419921875
-424.78167724609375,-1069.7103271484375
-424.8114318847656,-1069.7415771484375
-424.84027099609375,-1069.76904296875
-424.87603759765625,-1069.80126953125
-424.90679931640625,-1069.826904296875
-424.94256591796875,-1069.8543701171875
-424.9728088378906,-1069.876220703125
-425.0103759765625,-1069.901123046875
-425.04888916015625,-1069.92431640625
-425.0858459472656,-1069.9449462890625
-425.1212158203125,-1069.9632568359375
-425.1595153808594,-1069.9808349609375
-425.2008972167969,-1069.998046875
-425.25042724609375,-1070.0162353515625
-425.2854919433594,-1070.0277099609375
-425.3285827636719,-1070.0401611328125
-425.3670654296875,-1070.04931640625
-424.7991943359375,-1063.8829345703125
-423.3038635253906,-1060.3187255859375
-423.2269287109375,-1060.126220703125
-423.1628723144531,-1059.965087890625
-423.0863952636719,-1059.771728515625
-423.03125,-1059.632080078125
-422.96337890625,-1059.460205078125
-422.9002380371094,-1059.299072265625
-422.8202209472656,-1059.094970703125
-422.7613525390625,-1058.944580078125
-422.68609619140625,-1058.751220703125
-422.6233825683594,-1058.590087890625
-422.5606689453125,-1058.428955078125
-422.4941711425781,-1058.257080078125
-422.4319152832031,-1058.09521484375
-422.36962890625,-1057.9322509765625
-422.2908020019531,-1057.725830078125
-422.237060546875,-1057.5845947265625
-422.1670227050781,-1057.39990234375
-422.09698486328125,-1057.2152099609375
-422.0351867675781,-1057.05224609375
-421.97747802734375,-1056.900146484375
-421.9115905761719,-1056.726318359375
-421.84564208984375,-1056.552490234375
-421.7838439941406,-1056.3895263671875
-421.71795654296875,-1056.2156982421875
-421.6520080566406,-1056.0418701171875
-421.58612060546875,-1055.8680419921875
-421.5160827636719,-1055.683349609375
-421.45428466796875,-1055.5203857421875
-421.3883361816406,-1055.3465576171875
-421.32244873046875,-1055.1727294921875
-421.2565002441406,-1054.9989013671875
-421.17413330078125,-1054.7816162109375
-421.1081848144531,-1054.6077880859375
-421.04638671875,-1054.44482421875
-420.9804992675781,-1054.27099609375
-420.91046142578125,-1054.0863037109375
-420.8445129394531,-1053.9124755859375
-420.7825622558594,-1053.74951171875
-420.71197509765625,-1053.5648193359375
-420.64556884765625,-1053.3909912109375
-420.57916259765625,-1053.2171630859375
-420.5252380371094,-1053.075927734375
-420.4588317871094,-1052.902099609375
-420.3882751464844,-1052.7174072265625
-420.3214416503906,-1052.5435791015625
-420.2545166015625,-1052.3697509765625
-420.19183349609375,-1052.206787109375
-420.1207275390625,-1052.0220947265625
-420.0538635253906,-1051.8482666015625
-413.6646423339844,-1035.532958984375
-413.59674072265625,-1035.357177734375
-413.5373840332031,-1035.203369140625
-413.4695129394531,-1035.027587890625
-413.37615966796875,-1034.785888671875
-413.3083190917969,-1034.610107421875
-413.24468994140625,-1034.4453125
-413.1725769042969,-1034.258544921875
-413.09619140625,-1034.060791015625
-413.0193176269531,-1033.863037109375
-412.95953369140625,-1033.709228515625
-412.8954162597656,-1033.54443359375
-412.8270568847656,-1033.36865234375
-412.7586975097656,-1033.19287109375
-412.69464111328125,-1033.028076171875
-412.61773681640625,-1032.830322265625
-412.5536193847656,-1032.66552734375
-412.4938049316406,-1032.51171875
-412.41265869140625,-1032.302978515625
-412.3485412597656,-1032.1400146484375
-412.2801818847656,-1031.9661865234375
-412.2203674316406,-1031.8140869140625
-412.1520080566406,-1031.6402587890625
-412.0793151855469,-1031.45556640625
-412.01910400390625,-1031.303466796875
-411.9416198730469,-1031.10791015625
-411.85986328125,-1030.9014892578125
-411.79534912109375,-1030.738525390625
-411.7264709472656,-1030.564697265625
-411.6490478515625,-1030.369140625
-411.5672912597656,-1030.1627197265625
-411.5027160644531,-1029.999755859375
-411.43389892578125,-1029.825927734375
-411.3564453125,-1029.63037109375
-411.2919006347656,-1029.4674072265625
-411.2230224609375,-1029.2935791015625
-411.1542053222656,-1029.1197509765625
-411.09393310546875,-1028.9676513671875
-411.02081298828125,-1028.782958984375
-410.9391784667969,-1028.5765380859375
-410.8665466308594,-1028.391845703125
-410.79388427734375,-1028.2071533203125
-410.7298278808594,-1028.044189453125
-410.65716552734375,-1027.857421875
-410.58880615234375,-1027.681640625
-410.5247497558594,-1027.516845703125
-410.4563903808594,-1027.341064453125
-410.39654541015625,-1027.187255859375
-410.3239440917969,-1027.00048828125
-410.2555847167969,-1026.82470703125
-403.52642822265625,-1009.6016845703125
-403.4623718261719,-1009.4378051757812
-403.3940124511719,-1009.262939453125
-403.32135009765625,-1009.0772705078125
-403.2615661621094,-1008.9242553710938
-403.1932067871094,-1008.74951171875
-403.12908935546875,-1008.5856323242188
-403.0564880371094,-1008.39990234375
-402.99237060546875,-1008.2360229492188
-402.9197692871094,-1008.05029296875
-402.8514099121094,-1007.8754272460938
-402.78729248046875,-1007.7116088867188
-402.7146911621094,-1007.5258178710938
-402.63775634765625,-1007.3292236328125
-402.56939697265625,-1007.1544189453125
-402.50103759765625,-1006.9796142578125
-402.43267822265625,-1006.8048095703125
-402.3600769042969,-1006.6190185546875
-402.29595947265625,-1006.4552001953125
-402.2361755371094,-1006.30224609375
-402.1678161621094,-1006.1273803710938
-402.0951843261719,-1005.9417114257812
-402.0268249511719,-1005.766845703125
-401.9584655761719,-1005.5921020507812
-401.8901062011719,-1005.417236328125
-401.83026123046875,-1005.2643432617188
-401.76190185546875,-1005.0895385742188
-401.69354248046875,-1004.9147338867188
-401.6209411621094,-1004.7289428710938
-401.5611267089844,-1004.5759887695312
-401.4842224121094,-1004.3793334960938
-401.42010498046875,-1004.2155151367188
-401.3560485839844,-1004.0516357421875
-401.29193115234375,-1003.8876953125
-401.21502685546875,-1003.6911010742188
-401.14666748046875,-1003.5162963867188
-401.0826110839844,-1003.3524169921875
-401.0142517089844,-1003.1775512695312
-400.95013427734375,-1003.0137329101562
-400.8860778808594,-1002.8497924804688
-400.81341552734375,-1002.6641235351562
-400.74505615234375,-1002.4892578125
-400.67669677734375,-1002.3145141601562
-400.6126403808594,-1002.1505737304688
-400.5485534667969,-1001.9866943359375
-400.4545593261719,-1001.7463989257812
-400.39471435546875,-1001.5934448242188
-400.3306579589844,-1001.4295043945312
-400.2409362792969,-1001.2001342773438
-400.1683044433594,-1001.0143432617188
-393.02044677734375,-982.7363891601562
-392.9563903808594,-982.5724487304688
-392.8880310058594,-982.397705078125
-392.8239440917969,-982.2338256835938
-392.7555847167969,-982.0589599609375
-392.6829528808594,-981.8732299804688
-392.6145935058594,-981.698486328125
-392.55474853515625,-981.5455322265625
-392.4821472167969,-981.3597412109375
-392.4223327636719,-981.2068481445312
-392.3539733886719,-981.031982421875
-392.2856140136719,-980.8572387695312
-392.2172546386719,-980.682373046875
-392.1488952636719,-980.5076293945312
-392.0805358886719,-980.332763671875
-392.0164489746094,-980.1688842773438
-391.9480895996094,-979.994140625
-391.8797302246094,-979.8193359375
-391.8113708496094,-979.64453125
-391.74725341796875,-979.4805908203125
-391.67889404296875,-979.3058471679688
-391.6148376464844,-979.1419067382812
-391.5336608886719,-978.934326171875
-391.4567565917969,-978.7377319335938
-391.3883972167969,-978.5628662109375
-391.32427978515625,-978.3990478515625
-391.25592041015625,-978.2241821289062
-391.1961364746094,-978.0712280273438
-391.1235046386719,-977.885498046875
-391.0594177246094,-977.7216796875
-390.99530029296875,-977.5578002929688
-390.9056091308594,-977.3283081054688
-390.83294677734375,-977.1426391601562
-390.76458740234375,-976.9677734375
-390.7048034667969,-976.8148193359375
-390.6364440917969,-976.6400756835938
-390.5680847167969,-976.4652099609375
-390.4997253417969,-976.2904663085938
-390.43560791015625,-976.1265258789062
-390.3715515136719,-975.9627075195312
-390.3074645996094,-975.798828125
-390.20916748046875,-975.5475463867188
-390.1451110839844,-975.3836669921875
-390.0767517089844,-975.2088012695312
-389.99127197265625,-974.9903564453125
-389.9272155761719,-974.8264770507812
-389.8631286621094,-974.6625366210938
-389.7904968261719,-974.4768676757812
-389.7221374511719,-974.302001953125
-389.64947509765625,-974.1163330078125
-382.4546813964844,-955.7180786132812
-382.38201904296875,-955.5324096679688
-382.31365966796875,-955.3575439453125
-382.25384521484375,-955.2046508789062
-382.1812438964844,-955.0188598632812
-382.1128845214844,-954.8441162109375
-382.0573425292969,-954.7020874023438
-381.9889831542969,-954.5272216796875
-381.9163513183594,-954.341552734375
-381.8522644042969,-954.1776123046875
-381.78814697265625,-954.0137939453125
-381.7240905761719,-953.8499145507812
-381.6471862792969,-953.6532592773438
-381.5873718261719,-953.5003051757812
-381.5190124511719,-953.325439453125
-381.44635009765625,-953.1397705078125
-381.37799072265625,-952.9649658203125
-381.3139343261719,-952.8010864257812
-381.2242126464844,-952.5715942382812
-381.16009521484375,-952.4077758789062
-381.0960388183594,-952.243896484375
-381.0276794433594,-952.0690307617188
-380.94647216796875,-951.8614501953125
-380.8738708496094,-951.67578125
-380.8055114746094,-951.5009155273438
-380.74139404296875,-951.3370971679688
-380.67303466796875,-951.1622314453125
-380.60467529296875,-950.9874877929688
-380.54486083984375,-950.8345336914062
-380.4722595214844,-950.6488037109375
-380.4039001464844,-950.4739379882812
-380.3440856933594,-950.3209838867188
-380.2543640136719,-950.0916137695312
-380.1860046386719,-949.916748046875
-380.1219177246094,-949.7529296875
-380.0535583496094,-949.578125
-379.98944091796875,-949.4141845703125
-379.92108154296875,-949.2394409179688
-379.8484802246094,-949.0537109375
-379.78436279296875,-948.8898315429688
-379.7203063964844,-948.7258911132812
-379.6519470214844,-948.5511474609375
-379.5622253417969,-948.3217163085938
-379.5024108886719,-948.168701171875
-379.4126892089844,-947.9392700195312
-379.3443298339844,-947.7645263671875
-379.28021240234375,-947.6005859375
-379.2076110839844,-947.4149169921875
-379.1477966308594,-947.2619018554688
-379.0794372558594,-947.087158203125
-371.7692565917969,-928.3939819335938
-371.70513916015625,-928.2300415039062
-371.6453552246094,-928.0771484375
-371.56842041015625,-927.8804321289062
-371.4830017089844,-927.6619262695312
-371.41033935546875,-927.4762573242188
-371.3548278808594,-927.334228515625
-371.2779235839844,-927.1375732421875
-371.2095642089844,-926.9627075195312
-371.14544677734375,-926.7988891601562
-371.0728454589844,-926.6130981445312
-371.00872802734375,-926.4492797851562
-370.94036865234375,-926.2744140625
-370.8763122558594,-926.110595703125
-370.8079528808594,-925.935791015625
-370.7395935058594,-925.760986328125
-370.6712341308594,-925.586181640625
-370.6071472167969,-925.4222412109375
-370.5387878417969,-925.2474975585938
-370.4704284667969,-925.0726318359375
-370.40631103515625,-924.9088134765625
-370.3422546386719,-924.744873046875
-370.2738952636719,-924.5701293945312
-370.20123291015625,-924.3843383789062
-370.1371765136719,-924.2205200195312
-370.0730895996094,-924.056640625
-370.00897216796875,-923.8927001953125
-369.9320983886719,-923.696044921875
-369.8680114746094,-923.5321655273438
-369.80389404296875,-923.3683471679688
-369.73553466796875,-923.1934814453125
-369.6714782714844,-923.0296630859375
-369.60736083984375,-922.8657836914062
-369.5433044433594,-922.7018432617188
-369.4664001464844,-922.5051879882812
-369.4065856933594,-922.3522338867188
-369.33392333984375,-922.1665649414062
-369.26556396484375,-921.9917602539062
-369.2057800292969,-921.8388061523438
-369.1331481933594,-921.6530151367188
-369.0647888183594,-921.478271484375
-369.0007019042969,-921.3143310546875
-368.93658447265625,-921.1505126953125
-368.86822509765625,-920.9757080078125
-368.8041687011719,-920.811767578125
-368.7400817871094,-920.64794921875
-368.6674499511719,-920.462158203125
-368.6033630371094,-920.29833984375
-368.52642822265625,-920.1016845703125
-368.4623718261719,-919.9378051757812
-361.2034606933594,-901.3756713867188
-361.1393737792969,-901.2118530273438
-361.06243896484375,-901.0151977539062
-360.9983825683594,-900.851318359375
-360.9342956542969,-900.6873779296875
-360.8616638183594,-900.501708984375
-360.7975769042969,-900.3377685546875
-360.73345947265625,-900.1739501953125
-360.66510009765625,-899.9991455078125
-360.6010437011719,-899.835205078125
-360.5326843261719,-899.6604614257812
-360.4685974121094,-899.4965209960938
-360.3959655761719,-899.3108520507812
-360.33612060546875,-899.1578979492188
-360.26776123046875,-898.9830932617188
-360.19940185546875,-898.8082885742188
-360.1353454589844,-898.6443481445312
-360.0669860839844,-898.4696044921875
-360.00286865234375,-898.3056640625
-359.93450927734375,-898.1309204101562
-359.86614990234375,-897.9560546875
-359.8020935058594,-897.792236328125
-359.7337341308594,-897.617431640625
-359.6653747558594,-897.442626953125
-359.5970153808594,-897.267822265625
-359.53717041015625,-897.1148071289062
-359.4731140136719,-896.9509887695312
-359.3748474121094,-896.6996459960938
-359.31072998046875,-896.5358276367188
-359.24237060546875,-896.3610229492188
-359.18255615234375,-896.2080078125
-359.0843200683594,-895.956787109375
-359.02447509765625,-895.8038330078125
-358.9518737792969,-895.6181030273438
-358.8835144042969,-895.4432373046875
-358.8151550292969,-895.2684936523438
-358.75103759765625,-895.1046142578125
-358.68267822265625,-894.9298095703125
-358.5972595214844,-894.7113037109375
-358.5075378417969,-894.4818725585938
-358.44342041015625,-894.3179321289062
-358.3793640136719,-894.1541137695312
-358.3152770996094,-893.990234375
-358.2469177246094,-893.8154296875
-358.18280029296875,-893.6515502929688
-358.1059265136719,-893.4548950195312
-358.0418395996094,-893.291015625
-357.9820251464844,-893.1380004882812
-357.9051208496094,-892.94140625
-357.8367614746094,-892.7665405273438
-350.7829284667969,-874.7288818359375
-350.7102966308594,-874.543212890625
-350.6462097167969,-874.3792724609375
-350.56927490234375,-874.1826171875
-350.5052185058594,-874.018798828125
-350.4411315917969,-873.8549194335938
-350.3727722167969,-873.6800537109375
-350.30865478515625,-873.5162353515625
-350.2317810058594,-873.319580078125
-350.1676940917969,-873.1557006835938
-350.10357666015625,-872.9917602539062
-350.03521728515625,-872.8170166015625
-349.96685791015625,-872.6421508789062
-349.9028015136719,-872.4783325195312
-349.8344421386719,-872.303466796875
-349.7660827636719,-872.1287231445312
-349.7019958496094,-871.96484375
-349.63787841796875,-871.8009033203125
-349.5610046386719,-871.604248046875
-349.4969177246094,-871.4404296875
-349.4285583496094,-871.265625
-349.33880615234375,-871.0361328125
-349.2790222167969,-870.8831787109375
-349.2106628417969,-870.7084350585938
-349.1380310058594,-870.522705078125
-349.0739440917969,-870.3588256835938
-349.00982666015625,-870.1948852539062
-348.9372253417969,-870.0092163085938
-348.87310791015625,-869.8452758789062
-348.8090515136719,-869.6814575195312
-348.71502685546875,-869.4411010742188
-348.64666748046875,-869.2662963867188
-348.58685302734375,-869.1133422851562
-348.5270690917969,-868.9603881835938
-348.4544372558594,-868.774658203125
-348.3903503417969,-868.6107788085938
-348.3219909667969,-868.4359130859375
-348.2493591308594,-868.250244140625
-348.1852722167969,-868.0863037109375
-348.1169128417969,-867.9115600585938
-348.05279541015625,-867.7476196289062
-347.9759216308594,-867.551025390625
-347.9118347167969,-867.3870849609375
-347.8434753417969,-867.2123413085938
-347.7751159667969,-867.0374755859375
-347.7067565917969,-866.8627319335938
-347.64263916015625,-866.6987915039062
-347.5785827636719,-866.5349731445312
-347.5144958496094,-866.37109375
-347.4461364746094,-866.1962280273438
-340.58026123046875,-848.6393432617188
-340.51190185546875,-848.4645385742188
-340.4393005371094,-848.27880859375
-340.37518310546875,-848.1149291992188
-340.3111267089844,-847.9509887695312
-340.2427673339844,-847.7762451171875
-340.17010498046875,-847.5905151367188
-340.10174560546875,-847.4157104492188
-340.0376892089844,-847.2517700195312
-339.9607849121094,-847.0551147460938
-339.8796081542969,-846.8475341796875
-339.8069763183594,-846.661865234375
-339.7428894042969,-846.4979248046875
-339.6745300292969,-846.3231811523438
-339.61041259765625,-846.1593017578125
-339.54205322265625,-845.9844970703125
-339.4779968261719,-845.8206176757812
-339.4096374511719,-845.645751953125
-339.3412780761719,-845.4710083007812
-339.2771911621094,-845.3070678710938
-339.21307373046875,-845.1432495117188
-339.14471435546875,-844.9684448242188
-339.05072021484375,-844.7280883789062
-338.9866638183594,-844.564208984375
-338.9225769042969,-844.4002685546875
-338.8542175292969,-844.2255249023438
-338.76873779296875,-844.0070190429688
-338.6918640136719,-843.8103637695312
-338.6363220214844,-843.6683349609375
-338.5594177246094,-843.4716796875
-338.4910583496094,-843.296875
-338.42694091796875,-843.1329345703125
-338.3628845214844,-842.9691162109375
-338.2945251464844,-842.7942504882812
-338.22186279296875,-842.6085815429688
-338.15350341796875,-842.4337158203125
-338.09368896484375,-842.2808227539062
-338.0210876464844,-842.0950317382812
-337.95697021484375,-841.9312133789062
-337.88861083984375,-841.7564086914062
-337.8245544433594,-841.5924682617188
-337.75189208984375,-841.4067993164062
-337.6878356933594,-841.2428588867188
-337.6237487792969,-841.0790405273438
-337.5553894042969,-840.9041748046875
-337.4827575683594,-840.718505859375
-337.3973083496094,-840.5
-337.3289489746094,-840.3251342773438
-337.2605895996094,-840.150390625
-337.1922302246094,-839.9755859375
-330.48443603515625,-822.8228759765625
-330.4203796386719,-822.658935546875
-330.3520202636719,-822.4841918945312
-330.2879333496094,-822.3203125
-330.2153015136719,-822.1345825195312
-330.12982177734375,-821.9160766601562
-330.0657653808594,-821.752197265625
-329.99310302734375,-821.5664672851562
-329.92474365234375,-821.3916015625
-329.85638427734375,-821.2168579101562
-329.7923278808594,-821.052978515625
-329.73248291015625,-820.8999633789062
-329.6556091308594,-820.703369140625
-329.5915222167969,-820.5394287109375
-329.5231628417969,-820.3646850585938
-329.4548034667969,-820.1898193359375
-329.37786865234375,-819.9931640625
-329.30096435546875,-819.7965698242188
-329.2369079589844,-819.6326293945312
-329.1685485839844,-819.4578857421875
-329.1001892089844,-819.2830200195312
-329.02752685546875,-819.0973510742188
-328.96771240234375,-818.9443359375
-328.89935302734375,-818.7695922851562
-328.83099365234375,-818.5947265625
-328.7669372558594,-818.430908203125
-328.69427490234375,-818.2451171875
-328.62591552734375,-818.0703735351562
-328.5618591308594,-817.906494140625
-328.4977722167969,-817.7425537109375
-328.4294128417969,-817.5678100585938
-328.3396911621094,-817.3383178710938
-328.27557373046875,-817.1744995117188
-328.1858825683594,-816.945068359375
-328.1217956542969,-816.7811279296875
-328.0534362792969,-816.6063842773438
-327.98931884765625,-816.4425048828125
-327.92095947265625,-816.2677001953125
-327.85260009765625,-816.0928955078125
-327.7885437011719,-815.928955078125
-327.7201843261719,-815.7542114257812
-327.6560974121094,-815.5902709960938
-327.58343505859375,-815.4046020507812
-327.4937438964844,-815.1751098632812
-327.42962646484375,-815.0112915039062
-327.36126708984375,-814.8364868164062
-327.27581787109375,-814.6179809570312
-327.1989440917969,-814.4213256835938
-327.1348571777344,-814.2573852539062
-327.0451354980469,-814.0280151367188
-320.3672790527344,-796.9517822265625
-320.2989196777344,-796.7769165039062
-320.2305603027344,-796.6021728515625
-320.1579284667969,-796.4163818359375
-320.0895690917969,-796.2416381835938
-320.02972412109375,-796.0886840820312
-319.9656677246094,-795.9248046875
-319.8973083496094,-795.75
-319.80755615234375,-795.5205078125
-319.7434997558594,-795.356689453125
-319.65374755859375,-795.1272583007812
-319.5896911621094,-794.9633178710938
-319.51702880859375,-794.7776489257812
-319.44866943359375,-794.602783203125
-319.3846130371094,-794.43896484375
-319.3162536621094,-794.2640991210938
-315.5850830078125,-790.16943359375
-315.4880676269531,-790.14453125
-309.9762878417969,-782.467041015625
-310.0188293457031,-782.2852783203125
-310.0563659667969,-782.1242065429688
-310.0989074707031,-781.9412841796875
-310.13616943359375,-781.779296875
-310.1878967285156,-781.552001953125
-310.2220153808594,-781.3999633789062
-310.2748107910156,-781.1605834960938
-310.3078308105469,-781.0076293945312
-310.3450622558594,-780.8328857421875
-310.38372802734375,-780.6465454101562
-310.42816162109375,-780.4267578125
-310.46282958984375,-780.2509765625
-310.4966125488281,-780.0743408203125
-310.5274658203125,-779.9086303710938
-310.5614013671875,-779.7208251953125
-310.59234619140625,-779.5438232421875
-310.6278076171875,-779.3327026367188
-310.66009521484375,-779.1328125
-310.6843566894531,-778.9772338867188
-310.7110900878906,-778.7994995117188
-310.7351989746094,-778.6320190429688
-310.7599182128906,-778.4532470703125
-310.78216552734375,-778.2857666015625
-310.8049011230469,-778.1069946289062
-310.8252868652344,-777.9395141601562
-310.8460693359375,-777.7607421875
-310.8634033203125,-777.6043090820312
-310.8835144042969,-777.413330078125
-310.9014587402344,-777.233642578125
-310.9164123535156,-777.0764770507812
-310.93365478515625,-776.8855590820312
-310.94805908203125,-776.7171020507812
-310.9634704589844,-776.5261840820312
-310.9754943847656,-776.3689575195312
-310.9884948730469,-776.1892700195312
-311.00006103515625,-776.020751953125
-311.0123291015625,-775.8298950195312
-311.0218811035156,-775.6726684570312
-311.03338623046875,-775.4705200195312
-311.041748046875,-775.3132934570312
-311.05389404296875,-775.0662231445312
-311.06097412109375,-774.9089965820312
-311.06890869140625,-774.7188110351562
-311.0751953125,-774.5512084960938
-311.0809020996094,-774.3840942382812
-311.08660888671875,-774.1954345703125
-311.09124755859375,-774.018798828125
-311.09466552734375,-773.8651123046875
-311.0987548828125,-773.6259155273438
-308.92236328125,-769.5309448242188
-308.89691162109375,-769.4365234375
-308.87286376953125,-769.3466796875
-308.8499755859375,-769.2625122070312
-308.82696533203125,-769.1782836914062
-308.80206298828125,-769.0882568359375
-308.77838134765625,-769.0031127929688
-308.75299072265625,-768.9122314453125
-308.7287902832031,-768.8271484375
-308.7012939453125,-768.7305908203125
-308.6767578125,-768.6454467773438
-308.6412048339844,-768.5263061523438
-308.606201171875,-768.4127807617188
-308.57940673828125,-768.32763671875
-308.546630859375,-768.2263793945312
-308.51885986328125,-768.1421508789062
-308.48907470703125,-768.0523071289062
-308.4607849121094,-767.968017578125
-308.4282531738281,-767.8726196289062
-308.3986511230469,-767.788330078125
-308.3662414550781,-767.6989135742188
-308.33111572265625,-767.6044921875
-308.3016662597656,-767.5266723632812
-308.2630615234375,-767.4266967773438
-308.23052978515625,-767.3434448242188
-308.19757080078125,-767.2601318359375
-308.0450439453125,-766.8917846679688
-308.00927734375,-766.8101196289062
-307.96575927734375,-766.71240234375
-307.92669677734375,-766.6254272460938
-307.89227294921875,-766.5494384765625
-307.8548583984375,-766.4679565429688
-307.8093566894531,-766.3712158203125
-307.77093505859375,-766.2905883789062
-307.7296447753906,-766.2046508789062
-307.6880187988281,-766.1192626953125
-307.6486511230469,-766.0396728515625
-307.6063232421875,-765.954833984375
-307.5638427734375,-765.870849609375
-307.52374267578125,-765.7924194335938
-307.48077392578125,-765.7093505859375
-307.43780517578125,-765.6272583007812
-307.39752197265625,-765.551025390625
-307.35723876953125,-765.4755859375
-307.31427001953125,-765.3963012695312
-307.27142333984375,-765.3184814453125
-307.22894287109375,-765.2420654296875
-307.1842956542969,-765.1629638671875
-307.1506042480469,-765.1039428710938
-307.10980224609375,-765.0335693359375
-307.0674133300781,-764.9615478515625
-307.0168151855469,-764.877197265625
-306.97998046875,-764.8170166015625
-306.9468688964844,-764.7639770507812
-306.9110107421875,-764.7074584960938
-306.8768310546875,-764.6543579101562
-306.5918884277344,-764.3455200195312
-306.5986633300781,-764.3637084960938
-306.6060485839844,-764.382080078125
-306.6131896972656,-764.3991088867188
-306.6233215332031,-764.422119140625
-306.6324768066406,-764.4421997070312
-306.64630126953125,-764.4711303710938
-306.6560974121094,-764.4908447265625
-306.67083740234375,-764.5198974609375
-306.6839294433594,-764.5447998046875
-306.6966247558594,-764.5682373046875
-306.7081298828125,-764.5888061523438
-307.0145263671875,-764.9612426757812
-307.0216369628906,-764.9627075195312
-307.02862548828125,-764.9632568359375
-307.0357666015625,-764.9627075195312
-307.04052734375,-764.9615478515625
-307.0458068847656,-764.959228515625
-307.05023193359375,-764.956298828125
-307.05389404296875,-764.9526977539062
-307.05731201171875,-764.9482421875
-307.06005859375,-764.9437255859375
-307.0623474121094,-764.9382934570312
-307.0645446777344,-764.9314575195312
-307.0006408691406,-764.7305908203125
-306.62823486328125,-764.1399536132812
-306.5891418457031,-764.075439453125
-306.5429992675781,-763.9987182617188
-306.4927062988281,-763.9136352539062
-306.4445495605469,-763.8303833007812
-306.3958435058594,-763.7439575195312
-306.3470153808594,-763.6546020507812
-306.3042907714844,-763.5740356445312
-306.25238037109375,-763.4735107421875
-306.2066345214844,-763.38232421875
-306.15814208984375,-763.2825317382812
-305.3249206542969,-760.9989624023438
-305.2873229980469,-760.8709716796875
-305.2520751953125,-760.7510986328125
-305.2139587402344,-760.622314453125
-305.1771545410156,-760.5017700195312
-305.1364440917969,-760.3739013671875
-305.0967712402344,-760.2539672851562
-305.0525817871094,-760.1265258789062
-305.0005187988281,-759.9837036132812
-304.9613342285156,-759.8814086914062
-304.9079895019531,-759.748046875
-304.85894775390625,-759.6309814453125
-304.80804443359375,-759.5146484375
-304.7517395019531,-759.3914794921875
-304.6933898925781,-759.26904296875
-304.6368713378906,-759.1549682617188
-304.57464599609375,-759.0340576171875
-304.50653076171875,-758.906494140625
-302.40203857421875,-755.9588012695312
-302.2555236816406,-755.7742309570312
-302.1690979003906,-755.6648559570312
-302.0884704589844,-755.5614624023438
-302.00830078125,-755.4579467773438
-301.9234313964844,-755.346923828125
-301.833984375,-755.2283935546875
-301.7506103515625,-755.1161499023438
-300.0415344238281,-752.3338012695312
-299.9679260253906,-752.1940307617188
-299.8984069824219,-752.0612182617188
-299.8329772949219,-751.9362182617188
-299.7675476074219,-751.8112182617188
-299.7060546875,-751.694580078125
-299.6442565917969,-751.578369140625
-299.5696105957031,-751.4387817382812
-299.5069580078125,-751.3225708007812
-299.4481201171875,-751.2140502929688
-299.3761901855469,-751.0829467773438
-299.3164978027344,-750.9752807617188
-299.2521057128906,-750.8599853515625
-299.1828918457031,-750.7369384765625
-297.4068298339844,-747.8784790039062
-297.3248596191406,-747.7529296875
-297.2477111816406,-747.634765625
-297.1705627441406,-747.5165405273438
-297.0982360839844,-747.4058227539062
-297.0259094238281,-747.2950439453125
-296.9487609863281,-747.1768798828125
-296.8671569824219,-747.0513305664062
-296.78570556640625,-746.92578125
-296.7234191894531,-746.8297729492188
-296.6373596191406,-746.69677734375
-296.5754699707031,-746.5999755859375
-296.4945373535156,-746.4733276367188
-294.7192077636719,-743.6126098632812
-294.6505432128906,-743.5000610351562
-294.5681457519531,-743.3649291992188
-294.4811706542969,-743.2222290039062
-294.4079284667969,-743.1021728515625
-294.3346862792969,-742.9819946289062
-294.2660217285156,-742.8694458007812
-294.1927795410156,-742.749267578125
-294.1241149902344,-742.63671875
-294.0417175292969,-742.5015258789062
-293.9730529785156,-742.3889770507812
-292.40301513671875,-739.8028564453125
-292.3257141113281,-739.6752319335938
-292.2574768066406,-739.5626220703125
-292.1842346191406,-739.4425048828125
-292.1155700683594,-739.3298950195312
-292.0148620605469,-739.1647338867188
-291.9461975097656,-739.0520629882812
-291.8729553222656,-738.9320068359375
-291.8042907714844,-738.8193359375
-291.7356262207031,-738.706787109375
-291.6532287597656,-738.5715942382812
-291.5845642089844,-738.4590454101562
-291.5113220214844,-738.3388671875
-291.4422912597656,-738.226318359375
-291.3731689453125,-738.1136474609375
-291.2994384765625,-737.9935913085938
-289.8779296875,-735.6813354492188
-289.8085021972656,-735.5693359375
-289.72979736328125,-735.4426879882812
-289.65557861328125,-735.3235473632812
-289.56744384765625,-735.1820678710938
-289.49322509765625,-735.0629272460938
-289.41436767578125,-734.9364013671875
-289.34478759765625,-734.8246459960938
-289.27520751953125,-734.7130126953125
-289.20562744140625,-734.601318359375
-289.12677001953125,-734.4747314453125
-289.05255126953125,-734.3550415039062
-288.98297119140625,-734.2424926757812
-288.91339111328125,-734.1298217773438
-288.84381103515625,-734.0172729492188
-288.76495361328125,-733.8896484375
-288.69537353515625,-733.7770385742188
-288.62115478515625,-733.6569213867188
-282.41973876953125,-725.2925415039062
-282.3986511230469,-725.3392944335938
-282.37738037109375,-725.3907470703125
-282.3584289550781,-725.4409790039062
-282.34161376953125,-725.4892578125
-282.32684326171875,-725.5355224609375
-282.31109619140625,-725.589599609375
-282.295654296875,-725.6482543945312
-282.28326416015625,-725.7009887695312
-282.27130126953125,-725.7581787109375
-282.26007080078125,-725.8198852539062
-282.25091552734375,-725.8787231445312
-282.241943359375,-725.949462890625
-282.2357177734375,-726.013671875
-282.2315979003906,-726.0704345703125
-282.2287292480469,-726.1317138671875
-282.2275390625,-726.1893310546875
-282.22784423828125,-726.2547607421875
-282.2298889160156,-726.3162231445312
-282.2333068847656,-726.3739624023438
-282.2381896972656,-726.431640625
-282.24554443359375,-726.4970092773438
-282.2536315917969,-726.5546875
-282.26324462890625,-726.6123046875
-282.2743835449219,-726.6699829101562
-282.2898254394531,-726.7380981445312
-282.3095397949219,-726.8135986328125
-282.3284912109375,-726.8768310546875
-282.34686279296875,-726.9322509765625
-282.36676025390625,-726.9871826171875
-282.38970947265625,-727.0447998046875
-282.4128112792969,-727.0982666015625
-282.4407958984375,-727.157958984375
-282.46710205078125,-727.2097778320312
-282.4949035644531,-727.2607421875
-282.5281982421875,-727.3173217773438
-282.55914306640625,-727.3663940429688
-282.5915222167969,-727.4144287109375
-282.6299133300781,-727.4676513671875
-282.6652526855469,-727.5133666992188
-282.7044677734375,-727.5608520507812
-282.747802734375,-727.6099853515625
-282.78741455078125,-727.65185546875
-282.8282775878906,-727.6925659179688
-282.87322998046875,-727.7344970703125
-282.9224853515625,-727.7774658203125
-282.9671630859375,-727.8137817382812
-283.01605224609375,-727.8511352539062
-283.066162109375,-727.8867797851562
-283.1142272949219,-727.9185791015625
-285.2924499511719,-725.8295288085938
-285.25848388671875,-725.7994384765625
-285.22625732421875,-725.7710571289062
-285.19561767578125,-725.7445068359375
-285.1649475097656,-725.718017578125
-285.13177490234375,-725.689697265625
-285.09649658203125,-725.6596069335938
-285.0650329589844,-725.633056640625
-285.0334167480469,-725.6064453125
-284.999755859375,-725.5781860351562
-284.9679870605469,-725.5516357421875
-284.93170166015625,-725.5215454101562
-284.90179443359375,-725.4967651367188
-284.8654479980469,-725.4666137695312
-284.83343505859375,-725.4401245117188
-284.79925537109375,-725.4118041992188
-284.76507568359375,-725.3834838867188
-284.7330322265625,-725.35693359375
-284.70098876953125,-725.3303833007812
-284.6646728515625,-725.30029296875
-284.63262939453125,-725.2737426757812
-284.59844970703125,-725.2452392578125
-284.56427001953125,-725.2159423828125
-284.5279541015625,-725.184814453125
-284.49407958984375,-725.155517578125
-284.4624938964844,-725.1280517578125
-284.4308776855469,-725.1005859375
-284.3951110839844,-725.0690307617188
-284.36181640625,-725.0387573242188
-284.332763671875,-725.0122680664062
-284.2974853515625,-724.9800415039062
-284.2647705078125,-724.9498291015625
-284.2341003417969,-724.9205932617188
-284.20166015625,-724.8893432617188
-284.17144775390625,-724.8600463867188
-284.1374816894531,-724.8268432617188
-284.10772705078125,-724.7967529296875
-284.0782470703125,-724.7665405273438
-284.0430908203125,-724.7302856445312
-284.01617431640625,-724.7020263671875
-283.98553466796875,-724.6688232421875
-283.9571533203125,-724.6376342773438
-283.9272155761719,-724.6044921875
-283.89569091796875,-724.5684814453125
-283.87005615234375,-724.5386352539062
-283.8393249511719,-724.5023193359375
-283.8125,-724.4700317382812
-283.7824401855469,-724.4327392578125
-283.75811767578125,-724.4019165039062
-283.7306213378906,-724.3667602539062
-279.87603759765625,-717.4724731445312
-279.78802490234375,-717.3187255859375
-279.7051696777344,-717.174072265625
-279.6166687011719,-717.0193481445312
-279.5222473144531,-716.8544311523438
-279.4500427246094,-716.728271484375
-279.3496398925781,-716.5525512695312
-279.2658386230469,-716.4060668945312
-279.1820983886719,-716.2595825195312
-279.0979919433594,-716.1121826171875
-279.0025329589844,-715.9451293945312
-278.9126892089844,-715.7879028320312
-278.8284606933594,-715.6399536132812
-278.7327575683594,-715.471923828125
-278.6480712890625,-715.3235473632812
-278.5633850097656,-715.17529296875
-278.47869873046875,-715.0269165039062
-278.3827209472656,-714.8580932617188
-278.29803466796875,-714.7088623046875
-278.18511962890625,-714.5098876953125
-278.0891418457031,-714.3407592773438
-277.99853515625,-714.181640625
-277.91339111328125,-714.0324096679688
-277.8282470703125,-713.8831787109375
-277.7374267578125,-713.7230224609375
-277.65228271484375,-713.5729370117188
-277.5557861328125,-713.4027099609375
-277.47064208984375,-713.2526245117188
-277.37982177734375,-713.0924682617188
-277.294677734375,-712.9423217773438
-277.20953369140625,-712.7921752929688
-277.113037109375,-712.6220092773438
-277.02789306640625,-712.4718627929688
-276.931396484375,-712.3016967773438
-276.84625244140625,-712.1515502929688
-276.7611083984375,-712.0014038085938
-276.66461181640625,-711.8312377929688
-276.5794677734375,-711.6810913085938
-276.49432373046875,-711.5303955078125
-276.3978271484375,-711.3591918945312
-276.31268310546875,-711.2081298828125
-276.2275390625,-711.0570068359375
-276.13104248046875,-710.8858642578125
-276.0458984375,-710.7347412109375
-275.96075439453125,-710.583740234375
-275.86993408203125,-710.4225463867188
-275.77911376953125,-710.261474609375
-275.6826171875,-710.0902099609375
-275.59747314453125,-709.939208984375
-275.5123291015625,-709.7880859375
-266.8341979980469,-694.4598999023438
-266.7477111816406,-694.3070068359375
-266.66119384765625,-694.1541137695312
-266.5631408691406,-693.9808349609375
-266.47662353515625,-693.8279418945312
-266.372802734375,-693.6444091796875
-266.29205322265625,-693.5017700195312
-266.19976806640625,-693.3386840820312
-266.1132507324219,-693.185791015625
-266.0209655761719,-693.022705078125
-265.9402160644531,-692.8800048828125
-265.85369873046875,-692.7271118164062
-265.7498779296875,-692.5436401367188
-265.6575927734375,-692.3805541992188
-265.5710754394531,-692.2276611328125
-265.4730224609375,-692.0543823242188
-265.3865051269531,-691.9014892578125
-265.2942199707031,-691.7384033203125
-265.20770263671875,-691.5855102539062
-265.11541748046875,-691.4224243164062
-265.0173645019531,-691.2491455078125
-264.93084716796875,-691.0962524414062
-264.83856201171875,-690.9331665039062
-264.74627685546875,-690.7700805664062
-264.6597595214844,-690.6171875
-264.5732421875,-690.4642944335938
-264.48095703125,-690.3011474609375
-264.37713623046875,-690.1177368164062
-264.29638671875,-689.9749755859375
-264.20361328125,-689.8119506835938
-264.10504150390625,-689.638671875
-264.01226806640625,-689.4755859375
-263.91949462890625,-689.3125
-263.82672119140625,-689.1493530273438
-263.7049560546875,-688.9353637695312
-263.623779296875,-688.7926635742188
-263.531005859375,-688.6295776367188
-263.43243408203125,-688.456298828125
-263.33966064453125,-688.293212890625
-263.252685546875,-688.1403198242188
-263.16571044921875,-687.9874267578125
-263.07293701171875,-687.8243408203125
-262.974365234375,-687.6510620117188
-262.8878173828125,-687.4981689453125
-262.7955322265625,-687.3350830078125
-262.7090148925781,-687.1821899414062
-262.6051940917969,-686.9987182617188
-262.5186767578125,-686.8458251953125
-262.4321594238281,-686.6929321289062
-262.3398742675781,-686.5298461914062
-253.40684509277344,-670.761474609375
-253.31455993652344,-670.5983276367188
-253.22805786132812,-670.4454345703125
-253.12998962402344,-670.2721557617188
-253.04925537109375,-670.1295166015625
-252.95120239257812,-669.9562377929688
-252.85891723632812,-669.7930908203125
-252.76084899902344,-669.6198120117188
-252.67434692382812,-669.4669189453125
-252.58782958984375,-669.3140258789062
-252.48977661132812,-669.1407470703125
-252.40325927734375,-668.9878540039062
-252.31097412109375,-668.8248291015625
-252.2244415283203,-668.6719360351562
-252.12640380859375,-668.4986572265625
-252.03411865234375,-668.3355102539062
-251.9475860595703,-668.1826171875
-251.861083984375,-668.0297241210938
-251.76878356933594,-667.86669921875
-251.68228149414062,-667.7138061523438
-251.58421325683594,-667.54052734375
-251.49771118164062,-667.3876342773438
-251.41114807128906,-667.2347412109375
-251.3128204345703,-667.0614624023438
-251.22608947753906,-666.9085693359375
-251.1393280029297,-666.7556762695312
-251.03524780273438,-666.5721435546875
-250.948486328125,-666.4193115234375
-250.8444061279297,-666.23583984375
-250.7692108154297,-666.1033325195312
-250.67091369628906,-665.9300537109375
-250.5841522216797,-665.7771606445312
-250.49163818359375,-665.6140747070312
-250.40487670898438,-665.461181640625
-250.30657958984375,-665.2879028320312
-250.22561645507812,-665.1452026367188
-250.13885498046875,-664.9923095703125
-250.04055786132812,-664.8190307617188
-249.93646240234375,-664.6355590820312
-249.84970092773438,-664.482666015625
-249.75718688964844,-664.319580078125
-249.67044067382812,-664.1666870117188
-249.58367919921875,-664.0137939453125
-249.47958374023438,-663.830322265625
-249.39285278320312,-663.6774291992188
-249.3061065673828,-663.5245361328125
-249.21942138671875,-663.3716430664062
-249.1213836669922,-663.1983642578125
-249.0290985107422,-663.0352783203125
-248.9368133544922,-662.8721923828125
-240.0460662841797,-647.1853637695312
-239.94198608398438,-647.0018310546875
-239.85546875,-646.8489990234375
-239.76893615722656,-646.6961059570312
-239.66513061523438,-646.5125732421875
-239.57861328125,-646.3597412109375
-239.49208068847656,-646.2068481445312
-239.39979553222656,-646.0437622070312
-239.31329345703125,-645.890869140625
-239.20947265625,-645.7073974609375
-239.12294006347656,-645.5545043945312
-239.03065490722656,-645.3914184570312
-238.94415283203125,-645.238525390625
-238.84608459472656,-645.0652465820312
-238.75958251953125,-644.912353515625
-238.67306518554688,-644.7594604492188
-238.56922912597656,-644.5759887695312
-238.48272705078125,-644.423095703125
-238.39044189453125,-644.260009765625
-238.29237365722656,-644.0867309570312
-238.20587158203125,-643.933837890625
-238.11935424804688,-643.7809448242188
-238.02706909179688,-643.6178588867188
-237.92901611328125,-643.444580078125
-237.84249877929688,-643.2916870117188
-237.75021362304688,-643.1286010742188
-237.65216064453125,-642.955322265625
-237.56564331054688,-642.8024291992188
-237.47911071777344,-642.6495361328125
-237.38682556152344,-642.4864501953125
-237.29454040527344,-642.3233642578125
-237.19650268554688,-642.1500854492188
-237.0869140625,-641.9564208984375
-237.00038146972656,-641.8035278320312
-236.90234375,-641.6302490234375
-236.80429077148438,-641.4569091796875
-236.7177734375,-641.3040771484375
-236.62548828125,-641.1409912109375
-236.53895568847656,-640.9880981445312
-236.43515014648438,-640.8045654296875
-236.348388671875,-640.6517333984375
-236.26165771484375,-640.4988403320312
-236.163330078125,-640.3255615234375
-236.07081604003906,-640.1624755859375
-235.98983764648438,-640.019775390625
-235.89154052734375,-639.8464965820312
-235.7989959716797,-639.6834106445312
-235.70648193359375,-639.5203247070312
-235.6139373779297,-639.3572387695312
-235.52720642089844,-639.204345703125
-226.54019165039062,-623.3441772460938
-226.4594268798828,-623.2015380859375
-226.35562133789062,-623.0180053710938
-226.2748565673828,-622.8753662109375
-226.1825714111328,-622.7122802734375
-226.0902862548828,-622.5491943359375
-226.0037841796875,-622.3963012695312
-225.89996337890625,-622.2127685546875
-225.8134307861328,-622.0599365234375
-225.73269653320312,-621.917236328125
-225.6288604736328,-621.7337646484375
-225.5423583984375,-621.5808715820312
-225.45584106445312,-621.427978515625
-225.3693084716797,-621.2750854492188
-225.28280639648438,-621.1221923828125
-225.17898559570312,-620.938720703125
-225.0924530029297,-620.7858276367188
-224.99441528320312,-620.612548828125
-224.9078826904297,-620.4596557617188
-224.82138061523438,-620.3067626953125
-224.33111572265625,-619.4403076171875
-224.23306274414062,-619.26708984375
-224.14675903320312,-619.1141357421875
-224.06114196777344,-618.9620971679688
-223.9597625732422,-618.7808837890625
-223.87655639648438,-618.631103515625
-223.78392028808594,-618.4627685546875
-223.69837951660156,-618.305908203125
-223.62489318847656,-618.1697387695312
-223.53746032714844,-618.0059204101562
-223.45692443847656,-617.8531494140625
-223.38784790039062,-617.7205200195312
-223.28189086914062,-617.5140991210938
-223.21144104003906,-617.3746948242188
-223.12420654296875,-617.1993408203125
-223.05686950683594,-617.06201171875
-222.99520874023438,-616.9346313476562
-222.9218292236328,-616.7808837890625
-222.8583526611328,-616.64599609375
-222.79600524902344,-616.51171875
-222.7267303466797,-616.3602294921875
-222.66673278808594,-616.2275390625
-222.6077117919922,-616.0951538085938
-222.54962158203125,-615.9633178710938
-222.03030395507812,-614.7193603515625
-221.97579956054688,-614.5830078125
-221.92507934570312,-614.4557495117188
-221.867919921875,-614.3115234375
-221.8177947998047,-614.1842651367188
-221.76454162597656,-614.0494995117188
-221.71151733398438,-613.9147338867188
-220.995849609375,-612.0860595703125
-220.95057678222656,-611.9698486328125
-220.89956665039062,-611.8370971679688
-220.8573760986328,-611.7217407226562
-220.80860900878906,-611.5746459960938
-220.77407836914062,-611.4535522460938
-220.7154998779297,-610.8228149414062
-220.73416137695312,-610.6964721679688
-220.59005737304688,-607.6954956054688
-220.392822265625,-607.1400756835938
-220.35536193847656,-606.9868774414062
-220.34837341308594,-606.4058837890625
-220.37510681152344,-606.2830200195312
-220.44178771972656,-603.3457641601562
-220.63243103027344,-601.5174560546875
-225.40533447265625,-599.5223999023438
-228.03286743164062,-598.8402709960938
-228.1928253173828,-598.7911376953125
-228.31253051757812,-598.7535400390625
-228.44793701171875,-598.7098388671875
-228.5672149658203,-598.6702880859375
-228.70217895507812,-598.6242065429688
-228.81314086914062,-598.5852661132812
-228.9555206298828,-598.5336303710938
-229.06600952148438,-598.4923706054688
-229.19203186035156,-598.4439086914062
-229.30987548828125,-598.397216796875
-232.4736328125,-596.7343139648438
-232.61337280273438,-596.649658203125
-232.73838806152344,-596.5739135742188
-232.84872436523438,-596.507080078125
-232.9813690185547,-596.427490234375
-233.0921173095703,-596.361572265625
-233.20315551757812,-596.295654296875
-233.31446838378906,-596.229736328125
-233.42605590820312,-596.1646118164062
-233.54537963867188,-596.0952758789062
-233.65760803222656,-596.0303344726562
-236.5817108154297,-594.4927978515625
-236.69729614257812,-594.435546875
-236.85142517089844,-594.3598022460938
-236.95169067382812,-594.3106689453125
-237.0829620361328,-594.246337890625
-237.2142791748047,-594.1820068359375
-237.35353088378906,-594.1138916015625
-237.49295043945312,-594.0457763671875
-237.62472534179688,-593.9814453125
-237.7334442138672,-593.928466796875
-237.85772705078125,-593.867919921875
-237.989990234375,-593.8035888671875
-238.09893798828125,-593.7506103515625
-240.78050231933594,-592.474609375
-240.9044647216797,-592.416015625
-241.02825927734375,-592.357421875
-241.1520233154297,-592.298828125
-241.29129028320312,-592.2328491210938
-241.39964294433594,-592.181640625
-241.53916931152344,-592.1156616210938
-242.1290740966797,-591.83740234375
-247.79388427734375,-591.1019897460938
-247.91329956054688,-591.1097412109375
-248.05828857421875,-591.1190795898438
-248.18612670898438,-591.1273193359375
-248.33938598632812,-591.1363525390625
-248.45008850097656,-591.1427001953125
-248.60333251953125,-591.1514892578125
-248.7480010986328,-591.1589965820312
-248.85848999023438,-591.1644897460938
-251.63145446777344,-591.1672973632812
-251.75650024414062,-591.161376953125
-251.8647918701172,-591.1558227539062
-252.0063018798828,-591.1494750976562
-252.13934326171875,-591.1449584960938
-252.28057861328125,-591.142578125
-252.38848876953125,-591.1427001953125
-252.53762817382812,-591.1461791992188
-252.6533966064453,-591.1519165039062
-252.78538513183594,-591.162109375
-252.900634765625,-591.173828125
-253.04844665527344,-591.1923828125
-253.17127990722656,-591.210693359375
-253.27748107910156,-591.2285766601562
-253.43222045898438,-591.258056640625
-253.53778076171875,-591.2804565429688
-253.68348693847656,-591.3143310546875
-253.79641723632812,-591.3428344726562
-254.6719512939453,-591.626708984375
-254.813232421875,-591.6817016601562
-254.92288208007812,-591.7252807617188
-255.0560760498047,-591.7781982421875
-255.173828125,-591.8248901367188
-255.31558227539062,-591.8800659179688
-255.42626953125,-591.9217529296875
-255.537353515625,-591.9623413085938
-255.67286682128906,-592.0098266601562
-255.78497314453125,-592.0473022460938
-255.92982482910156,-592.0933227539062
-256.06732177734375,-592.1343383789062
-256.17291259765625,-592.1641235351562
-256.3116149902344,-592.2009887695312
-256.450927734375,-592.2354125976562
-256.56610107421875,-592.2620239257812
-256.6981506347656,-592.29052734375
-256.8389587402344,-592.318603515625
-256.9552307128906,-592.3401489257812
-257.1051940917969,-592.3656616210938
-257.2221984863281,-592.384033203125
-257.36444091796875,-592.4044189453125
-257.5071105957031,-592.4230346679688
-257.6499328613281,-592.4398803710938
-257.7594299316406,-592.4515991210938
-257.9026184082031,-592.4656372070312
-260.4700927734375,-592.5595703125
-260.6212158203125,-592.561767578125
-260.7302551269531,-592.563232421875
-260.8719482421875,-592.5632934570312
-261.0119323730469,-592.5594482421875
-261.1174011230469,-592.5531005859375
-261.25274658203125,-592.5394897460938
-261.38470458984375,-592.5191040039062
-261.50543212890625,-592.4931030273438
-261.6007995605469,-592.4669799804688
-261.71484375,-592.4285888671875
-261.8184814453125,-592.3869018554688
-261.939208984375,-592.3306884765625
-262.0369873046875,-592.2791137695312
-262.14483642578125,-592.2158203125
-262.2435607910156,-592.1519165039062
-262.3277893066406,-592.0927124023438
-262.4331970214844,-592.0122680664062
-263.0142517089844,-591.4301147460938
-263.0859680175781,-591.3407592773438
-263.1649169921875,-591.2371215820312
-263.2603759765625,-591.0993041992188
-263.3196716308594,-591.0029907226562
-263.3799743652344,-590.8917846679688
-263.42938232421875,-590.7852783203125
-263.4687194824219,-590.6840209960938
-263.5007629394531,-590.5816040039062
-263.5269470214844,-590.4711303710938
-263.54449462890625,-590.3668212890625
-263.557373046875,-590.2479858398438
-263.5632019042969,-590.1427001953125
-263.5641784667969,-590.0374145507812
-263.5597229003906,-589.9180908203125
-263.5511169433594,-589.8128051757812
-263.53729248046875,-589.7005004882812
-263.5188903808594,-589.5881958007812
-263.4945068359375,-589.4688720703125
-263.4690856933594,-589.3635864257812
-263.4380798339844,-589.2512817382812
-263.40570068359375,-589.146728515625
-263.3702087402344,-589.0423583984375
-263.3263854980469,-588.924072265625
-263.2847595214844,-588.8203125
-263.2405700683594,-588.7168579101562
-263.1842956542969,-588.5927124023438
-263.1349792480469,-588.4901123046875
-263.08099365234375,-588.3807373046875
-263.0258483886719,-588.2713623046875
-262.9696044921875,-588.1619873046875
-262.91571044921875,-588.0599975585938
-261.284912109375,-585.6193237304688
-261.20623779296875,-585.5031127929688
-261.138671875,-585.4005737304688
-261.0752258300781,-585.2984619140625
-261.00738525390625,-585.1775512695312
-260.9649658203125,-585.0918579101562
-260.916748046875,-584.9760131835938
-260.85723876953125,-584.7218017578125
-264.31378173828125,-581.779052734375
-266.1716003417969,-580.7660522460938
-269.8739929199219,-579.1995239257812
-265.6550598144531,-575.2738037109375
-258.4273681640625,-568.0437622070312
-258.3831481933594,-567.82373046875
-258.3492431640625,-567.655029296875
-258.31292724609375,-567.4751586914062
-258.2804260253906,-567.3158569335938
-258.2476806640625,-567.1565551757812
-258.2103271484375,-566.9760131835938
-258.1748962402344,-566.8060913085938
-258.1437072753906,-566.6574096679688
-258.1100769042969,-566.4981079101562
-258.0716857910156,-566.3175659179688
-258.03509521484375,-566.1476440429688
-257.9999084472656,-565.9883422851562
-257.9612121582031,-565.8178100585938
-257.918701171875,-565.63623046875
-257.8774719238281,-565.4652709960938
-257.8379211425781,-565.3051147460938
-254.05438232421875,-560.5066528320312
-251.7528839111328,-560.46484375
-251.14306640625,-559.3136596679688
-255.16184997558594,-558.3538818359375
-255.2621612548828,-558.3779907226562
-255.40931701660156,-558.4139404296875
-261.7345275878906,-556.8190307617188
-257.8797607421875,-554.8430786132812
-256.79608154296875,-553.9869384765625
-256.7978210449219,-553.9887084960938
-256.7987060546875,-553.9892578125
-256.816162109375,-554.0150146484375
-256.8221740722656,-554.0280151367188
-256.8242492675781,-554.0344848632812
-256.8256530761719,-554.037841796875
-256.8276062011719,-554.0399169921875
-256.8288269042969,-554.0430908203125
-256.8296203613281,-554.0477905273438
-256.8302001953125,-554.0503540039062
-256.83099365234375,-554.0540161132812
-256.8313293457031,-554.0573120117188
-256.89031982421875,-554.0471801757812
-256.89031982421875,-554.0471801757812
-256.89031982421875,-554.0471801757812
-256.8914794921875,-554.0472412109375
-256.8914794921875,-554.0472412109375
-256.8914794921875,-554.0472412109375
-256.8914794921875,-554.0472412109375
-256.8928527832031,-554.0472412109375
-256.8928527832031,-554.0472412109375
-256.8928527832031,-554.0472412109375
-256.8928527832031,-554.0472412109375
-256.8928527832031,-554.0472412109375
-256.8928527832031,-554.0472412109375
-256.89453125,-554.0474243164062
-256.89453125,-554.0474243164062
-257.553466796875,-553.29443359375
-261.36456298828125,-549.6531372070312
-261.47662353515625,-549.5648803710938
-261.58209228515625,-549.48193359375
-261.68096923828125,-549.4041137695312
-261.7862548828125,-549.3211059570312
-261.8977966308594,-549.2328491210938
-262.0027770996094,-549.1497192382812
-262.1075134277344,-549.0657348632812
-262.2054748535156,-548.9869995117188
-262.3033752441406,-548.9082641601562
-262.41387939453125,-548.8190307617188
-262.51776123046875,-548.7350463867188
-262.62127685546875,-548.6507568359375
-263.4906311035156,-547.9251098632812
-263.5724792480469,-547.8547973632812
-263.6788024902344,-547.762451171875
-263.7532958984375,-542.8584594726562
-263.3353576660156,-541.693603515625
-263.2920227050781,-541.566650390625
-263.2494201660156,-541.439453125
-263.2078857421875,-541.3115234375
-263.1676330566406,-541.183349609375
-263.1311950683594,-541.0625
-263.0938415527344,-540.93310546875
-263.0581359863281,-540.8031616210938
-263.024169921875,-540.6724243164062
-262.6903991699219,-538.108154296875
-262.68572998046875,-537.970458984375
-262.6816711425781,-537.832763671875
-262.6764831542969,-537.6434326171875
-262.67303466796875,-537.5143432617188
-262.66888427734375,-537.3680419921875
-262.6650390625,-537.2389526367188
-262.6608581542969,-537.109375
-262.6559143066406,-536.970703125
-262.65045166015625,-536.83203125
-262.64483642578125,-536.7020263671875
-262.6382751464844,-536.5633544921875
-262.6311340332031,-536.4246826171875
-262.6239013671875,-536.294677734375
-262.6155090332031,-536.156005859375
-262.60650634765625,-536.017333984375
-262.5975341796875,-535.8873291015625
-262.5867614746094,-535.739990234375
-262.2967224121094,-533.0165405273438
-262.2817687988281,-532.8960571289062
-262.261474609375,-532.7325439453125
-262.24652099609375,-532.612060546875
-262.2283630371094,-532.4657592773438
-262.21234130859375,-532.336669921875
-262.19525146484375,-532.198974609375
-262.17816162109375,-532.061279296875
-262.1603088378906,-531.9149780273438
-262.1447448730469,-531.785888671875
-262.1281433105469,-531.648193359375
-262.1105041503906,-531.5015258789062
-262.0943908691406,-531.3628540039062
-262.07928466796875,-531.2328491210938
-262.0621643066406,-531.0855102539062
-262.04736328125,-530.9555053710938
-262.03271484375,-530.8255004882812
-261.80279541015625,-528.6630249023438
-261.786865234375,-528.5081176757812
-261.7718200683594,-528.3617553710938
-261.758544921875,-528.2327270507812
-261.74261474609375,-528.0778198242188
-261.7293395996094,-527.94873046875
-261.7169494628906,-527.8282470703125
-261.701904296875,-527.6819458007812
-261.6877136230469,-527.5442504882812
-261.673583984375,-527.4065551757812
-261.6603088378906,-527.2774658203125
-261.6417236328125,-527.0967407226562
-261.6275634765625,-526.95849609375
-261.6142883300781,-526.8284912109375
-261.5998229980469,-526.6898193359375
-261.5860900878906,-526.559814453125
-261.5723571777344,-526.4298095703125
-261.5577087402344,-526.2911376953125
-261.5421447753906,-526.143798828125
-261.3966979980469,-524.7835083007812
-261.381591796875,-524.6458129882812
-261.3655090332031,-524.49951171875
-261.3501281738281,-524.3619384765625
-261.33428955078125,-524.2252197265625
-261.3189392089844,-524.0970458984375
-261.30303955078125,-523.9688720703125
-261.28424072265625,-523.8236083984375
-261.26580810546875,-523.6868896484375
-261.2477722167969,-523.5587158203125
-261.2303771972656,-523.4390869140625
-261.20965576171875,-523.3023681640625
-261.18817138671875,-523.1656494140625
-261.1658935546875,-523.0289306640625
-261.14129638671875,-522.8836669921875
-261.118896484375,-522.7554931640625
-261.0942687988281,-522.6196899414062
-261.06890869140625,-522.4839477539062
-261.0428161621094,-522.3482055664062
-261.01611328125,-522.2124633789062
-260.99041748046875,-522.085205078125
-260.96240234375,-521.9495239257812
-260.9338073730469,-521.8147583007812
-260.90472412109375,-521.6799926757812
-260.8750915527344,-521.5452270507812
-260.84686279296875,-521.4188842773438
-260.8163146972656,-521.2841186523438
-260.7853698730469,-521.1503295898438
-254.353759765625,-510.0328063964844
-254.20021057128906,-509.9622802734375
-254.04627990722656,-509.8916015625
-253.8818359375,-509.81591796875
-253.72743225097656,-509.74456787109375
-253.54200744628906,-509.6584777832031
-253.3872833251953,-509.5862121582031
-253.2222442626953,-509.5084533691406
-253.0675506591797,-509.4350280761719
-252.90277099609375,-509.35595703125
-252.7483673095703,-509.2811279296875
-252.57362365722656,-509.19537353515625
-252.41970825195312,-509.1188049316406
-252.2558135986328,-509.0362243652344
-252.09231567382812,-508.95269775390625
-251.93942260742188,-508.8733825683594
-251.7768096923828,-508.7877502441406
-251.61468505859375,-508.7009582519531
-251.45309448242188,-508.6130676269531
-251.29208374023438,-508.52398681640625
-251.14169311523438,-508.4393615722656
-250.94200134277344,-508.3249816894531
-250.77308654785156,-508.2262268066406
-250.61477661132812,-508.1321105957031
-250.45716857910156,-508.0367736816406
-250.3100128173828,-507.94635009765625
-250.16346740722656,-507.8548583984375
-249.99813842773438,-507.7500305175781
-249.85289001464844,-507.65643310546875
-249.6986083984375,-507.5555725097656
-249.53543090820312,-507.44720458984375
-249.38250732421875,-507.3442077636719
-249.23974609375,-507.2467041015625
-249.08810424804688,-507.14178466796875
-248.93704223632812,-507.0360107421875
-248.7772216796875,-506.9226379394531
-248.63671875,-506.8217468261719
-248.4873809814453,-506.71337890625
-248.34783935546875,-506.6111145019531
-248.1995086669922,-506.50140380859375
-248.0516357421875,-506.39093017578125
-247.8949737548828,-506.27288818359375
-247.75714111328125,-506.1681823730469
-247.61965942382812,-506.06304931640625
-247.4368133544922,-505.9222106933594
-247.30001831054688,-505.8160400390625
-247.1361846923828,-505.6882629394531
-246.99081420898438,-505.57427978515625
-246.85472106933594,-505.4671630859375
-246.71878051757812,-505.3597412109375
-232.3754119873047,-494.8171691894531
-232.2332763671875,-494.7137145996094
-232.10061645507812,-494.61712646484375
-231.94900512695312,-494.50677490234375
-231.78790283203125,-494.3895568847656
-231.65524291992188,-494.2933044433594
-231.51312255859375,-494.1903381347656
-231.36126708984375,-494.0804443359375
-231.19992065429688,-493.9637451171875
-231.04806518554688,-493.8538513183594
-230.90570068359375,-493.7508850097656
-230.75384521484375,-493.6409912109375
-230.59249877929688,-493.5242919921875
-230.44064331054688,-493.4143981933594
-230.3075714111328,-493.3182678222656
-230.14596557617188,-493.2015380859375
-229.99388122558594,-493.0919494628906
-229.83226013183594,-492.9757385253906
-229.68968200683594,-492.8731994628906
-229.54708862304688,-492.7706604003906
-229.3759765625,-492.6476135253906
-229.24276733398438,-492.5519104003906
-229.07138061523438,-492.4288635253906
-228.92857360839844,-492.3263244628906
-228.78573608398438,-492.2237854003906
-228.63339233398438,-492.1144104003906
-228.48104858398438,-492.00531005859375
-228.33824157714844,-491.9032287597656
-228.18589782714844,-491.7943115234375
-228.02401733398438,-491.6786193847656
-227.88121032714844,-491.5765380859375
-227.72886657714844,-491.4676818847656
-227.56675720214844,-491.35198974609375
-227.4237060546875,-491.2499084472656
-227.28065490722656,-491.1477966308594
-227.13758850097656,-491.0457458496094
-226.97547912597656,-490.9300231933594
-226.82289123535156,-490.8211669921875
-226.64169311523438,-490.6918640136719
-226.47003173828125,-490.5693664550781
-226.32696533203125,-490.4672546386719
-226.1839141845703,-490.36517333984375
-226.03134155273438,-490.2563171386719
-225.88827514648438,-490.1542053222656
-225.74522399902344,-490.0521240234375
-225.58309936523438,-489.9367370605469
-225.42098999023438,-489.82159423828125
-225.2683868408203,-489.71319580078125
-225.12535095214844,-489.6115417480469
-224.98231506347656,-489.50994873046875
-210.3204803466797,-479.00799560546875
-206.90228271484375,-476.5619812011719
-206.7404022216797,-476.4462890625
-206.5690155029297,-476.32379150390625
-206.4357147216797,-476.228515625
-206.29290771484375,-476.1264343261719
-197.5918731689453,-471.19927978515625
-197.4967803955078,-471.182373046875
-197.40798950195312,-471.1667785644531
-197.30775451660156,-471.149169921875
-197.2196807861328,-471.1340026855469
-197.12020874023438,-471.1169128417969
-197.03280639648438,-471.1017761230469
-196.93991088867188,-471.085693359375
-196.84158325195312,-471.0683898925781
-196.7493896484375,-471.0517883300781
-196.66323852539062,-471.03619384765625
-196.56594848632812,-471.0182800292969
-185.2681427001953,-465.20416259765625
-185.123779296875,-465.0797119140625
-184.9959716796875,-464.9698181152344
-184.85067749023438,-464.84521484375
-184.7220916748047,-464.73492431640625
-184.57591247558594,-464.60986328125
-184.45513916015625,-464.50689697265625
-184.30807495117188,-464.38189697265625
-184.17794799804688,-464.27154541015625
-184.02999877929688,-464.1469421386719
-183.89907836914062,-464.03704833984375
-183.75027465820312,-463.9125671386719
-176.04150390625,-460.8707275390625
-175.98008728027344,-460.9242858886719
-175.91078186035156,-460.9855651855469
-175.85009765625,-461.0404968261719
-175.78182983398438,-461.1037292480469
-175.7259521484375,-461.1564636230469
-175.66233825683594,-461.21728515625
-175.60296630859375,-461.2747497558594
-175.53189086914062,-461.34405517578125
-175.4728240966797,-461.4021911621094
-175.413818359375,-461.4603271484375
-175.35891723632812,-461.5150146484375
-175.28843688964844,-461.585693359375
-175.22984313964844,-461.64471435546875
-175.15171813964844,-461.7234802246094
-175.07749938964844,-461.7986145019531
-175.01890563964844,-461.8581237792969
-174.95640563964844,-461.9216003417969
-174.642333984375,-462.2357177734375
-174.5631866455078,-462.3134765625
-174.49887084960938,-462.3747253417969
-174.4154052734375,-462.4485778808594
-174.34521484375,-462.5045166015625
-174.27609252929688,-462.55389404296875
-174.20846557617188,-462.5970153808594
-173.17727661132812,-462.9004211425781
-173.06027221679688,-462.9106140136719
-172.9562225341797,-462.91729736328125
-172.84042358398438,-462.92242431640625
-172.7432403564453,-462.92523193359375
-172.6417694091797,-462.9275817871094
-172.55722045898438,-462.9298095703125
-172.45297241210938,-463.0174560546875
-176.09677124023438,-464.2845458984375
-173.23304748535156,-462.02972412109375
-173.08726501464844,-461.91058349609375
-172.95863342285156,-461.8051452636719
-172.82142639160156,-461.69232177734375
-172.68446350097656,-461.5791320800781
-172.55604553222656,-461.4727783203125
-172.41053771972656,-461.3518981933594
-172.29074096679688,-461.25201416015625
-172.15402221679688,-461.13775634765625
-172.0087432861328,-461.016357421875
-168.73878479003906,-461.41790771484375
-168.68179321289062,-461.47650146484375
-168.6208038330078,-461.53924560546875
-168.55966186523438,-461.6022033691406
-168.5060577392578,-461.6574401855469
-168.44454956054688,-461.7209167480469
-167.74462890625,-462.42498779296875
-167.6720428466797,-462.49530029296875
-167.60667419433594,-462.5569763183594
-167.54373168945312,-462.61322021484375
-167.46946716308594,-462.6741943359375
-167.39614868164062,-462.7281494140625
-167.31912231445312,-462.77825927734375
-167.2433624267578,-462.8214111328125
-167.1587677001953,-462.8631896972656
-167.07627868652344,-462.8985900878906
-166.97946166992188,-462.93475341796875
-166.89134216308594,-462.9631652832031
-166.78857421875,-462.9915466308594
-154.3997344970703,-457.89984130859375
-154.3037872314453,-457.7497863769531
-154.21365356445312,-457.60882568359375
-154.11117553710938,-457.4490051269531
-154.02647399902344,-457.3173828125
-153.93539428710938,-457.17596435546875
-153.83164978027344,-457.0162048339844
-153.73960876464844,-456.87518310546875
-153.6346435546875,-456.7154541015625
-153.54766845703125,-456.58428955078125
-153.44134521484375,-456.42523193359375
-153.34683227539062,-456.28521728515625
-153.23890686035156,-456.1270751953125
-153.13648986816406,-455.97869873046875
-153.04617309570312,-455.8493957519531
-152.9290771484375,-455.6837463378906
-152.8372344970703,-455.5554504394531
-152.72476196289062,-455.400390625
-152.63134765625,-455.2732849121094
-152.5169677734375,-455.11962890625
-152.41514587402344,-454.9848327636719
-152.2987823486328,-454.8328552246094
-152.20211791992188,-454.7083435058594
-152.08380126953125,-454.5579833984375
-151.9714813232422,-454.4173278808594
-151.86534118652344,-454.28619384765625
-151.75157165527344,-454.1468505859375
-151.62313842773438,-453.99072265625
-151.50827026367188,-453.8526916503906
-151.40655517578125,-453.73284912109375
-151.25225830078125,-453.5545959472656
-151.1484832763672,-453.4365539550781
-151.01409912109375,-453.2857360839844
-150.89381408691406,-453.15240478515625
-150.78033447265625,-453.0281066894531
-150.65101623535156,-452.88787841796875
-150.544189453125,-452.77288818359375
-150.41416931152344,-452.6335754394531
-150.30642700195312,-452.51947021484375
-150.1668701171875,-452.3736572265625
-150.04989624023438,-452.2527160644531
-149.9166717529297,-452.11627197265625
-149.8065185546875,-452.00433349609375
-149.6722412109375,-451.868896484375
-149.55332946777344,-451.7497863769531
-149.41815185546875,-451.6152648925781
-149.29852294921875,-451.4968566894531
-149.17054748535156,-451.3708801269531
-149.05038452148438,-451.25311279296875
-148.91416931152344,-451.1197509765625
-136.559814453125,-438.4759216308594
-136.4396514892578,-438.3504943847656
-136.32749938964844,-438.23345947265625
-136.19131469726562,-438.09130859375
-136.0551300048828,-437.9491271972656
-135.94302368164062,-437.83209228515625
-135.81509399414062,-437.69830322265625
-135.69515991210938,-437.5728759765625
-135.55923461914062,-437.43072509765625
-135.43142700195312,-437.29693603515625
-135.3197021484375,-437.17987060546875
-135.1840362548828,-437.0377197265625
-135.06436157226562,-436.91229248046875
-134.928955078125,-436.7706298828125
-134.801513671875,-436.6373291015625
-134.6820831298828,-436.5123291015625
-134.5548858642578,-436.3790588378906
-134.41973876953125,-436.2374267578125
-134.3085174560547,-436.1207580566406
-134.1736297607422,-435.9791259765625
-134.0466766357422,-435.8458557128906
-133.91195678710938,-435.7042236328125
-133.80108642578125,-435.5875549316406
-133.6664581298828,-435.446044921875
-133.55580139160156,-435.329833984375
-133.4214324951172,-435.1886901855469
-133.28713989257812,-435.047607421875
-133.16880798339844,-434.9230651855469
-133.05047607421875,-434.798583984375
-132.9243927001953,-434.665771484375
-132.79054260253906,-434.5246276855469
-132.68031311035156,-434.4084167480469
-132.54669189453125,-434.2678527832031
-132.42881774902344,-434.1437683105469
-132.29530334472656,-434.0032043457031
-132.1855010986328,-433.8874206542969
-132.0600128173828,-433.75506591796875
-131.9346466064453,-433.6227722167969
-131.80157470703125,-433.4822998046875
-131.69198608398438,-433.366943359375
-131.56690979003906,-433.235107421875
-131.43409729003906,-433.09503173828125
-131.30909729003906,-432.96319580078125
-131.19212341308594,-432.839599609375
-131.06736755371094,-432.7077941894531
-130.9504852294922,-432.5846252441406
-130.8259735107422,-432.45330810546875
-130.70925903320312,-432.33013916015625
-130.5772247314453,-432.19061279296875
-130.46849060058594,-432.07568359375
-118.2306900024414,-419.191162109375
-117.78761291503906,-418.724609375
-117.65328979492188,-418.58294677734375
-117.54273986816406,-418.4665832519531
-117.40859985351562,-418.32550048828125
-117.28243255615234,-418.19268798828125
-117.16421508789062,-418.0681457519531
-117.03035736083984,-417.92706298828125
-116.90447998046875,-417.79449462890625
-116.78653717041016,-417.67041015625
-116.66083526611328,-417.5381164550781
-116.52738189697266,-417.39752197265625
-116.40973663330078,-417.2734680175781
-116.28433990478516,-417.1415100097656
-116.15122985839844,-417.00146484375
-116.04169464111328,-416.8860778808594
-115.90880584716797,-416.7460021972656
-115.78385162353516,-416.61456298828125
-115.66683197021484,-416.49139404296875
-115.54214477539062,-416.3600769042969
-115.41752624511719,-416.22869873046875
-115.30079650878906,-416.1056823730469
-115.17631530761719,-415.9748229980469
-115.04415893554688,-415.8358154296875
-114.93538665771484,-415.7213134765625
-114.80335998535156,-415.5822448730469
-114.67921447753906,-415.4513854980469
-114.56292724609375,-415.3290100097656
-114.43898010253906,-415.19866943359375
-114.31507873535156,-415.0682678222656
-114.18343353271484,-414.92974853515625
-114.02854919433594,-414.76678466796875
-113.0004653930664,-413.68450927734375
-112.88465881347656,-413.5627746582031
-112.76121520996094,-413.4328918457031
-112.64552307128906,-413.3111267089844
-112.52982330322266,-413.1893615722656
-112.39869689941406,-413.0513610839844
-112.27528381347656,-412.9214782714844
-112.16728973388672,-412.80780029296875
-112.03617095947266,-412.6698303222656
-111.91275024414062,-412.5399475097656
-111.79713439941406,-412.41815185546875
-111.67384338378906,-412.28826904296875
-111.5428466796875,-412.1502990722656
-111.43496704101562,-412.03662109375
-111.30397033691406,-411.89862060546875
-111.18067932128906,-411.76873779296875
-111.05738830566406,-411.63885498046875
-110.94180297851562,-411.51708984375
-110.81851196289062,-411.38720703125
-110.65677642822266,-411.21673583984375
-110.52590942382812,-411.0787353515625
-110.41803741455078,-410.9651184082031
-110.28704071044922,-410.82708740234375
-110.16374969482422,-410.69720458984375
-110.0019302368164,-410.5267333984375
-109.8786392211914,-410.3968505859375
-109.72451782226562,-410.2345275878906
-109.60903930664062,-410.11285400390625
-108.23030853271484,-408.66162109375
-108.09931182861328,-408.52362060546875
-107.96830749511719,-408.3856201171875
-107.8681411743164,-408.2800598144531
-107.72943878173828,-408.13397216796875
-107.60614776611328,-408.00408935546875
-107.48294067382812,-407.8746032714844
-107.36746978759766,-407.7532653808594
-107.24429321289062,-407.6239013671875
-107.12103271484375,-407.49432373046875
-106.99003601074219,-407.3563537597656
-106.8359146118164,-407.1939697265625
-106.7126235961914,-407.0640869140625
-106.60475158691406,-406.9504699707031
-106.47377014160156,-406.8126525878906
-106.3428955078125,-406.6751403808594
-106.23512268066406,-406.56195068359375
-106.1273422241211,-406.44873046875
-105.99634552001953,-406.3110046386719
-105.86534881591797,-406.1730041503906
-105.7574691772461,-406.0593566894531
-105.62647247314453,-405.9213562011719
-105.5108871459961,-405.7995910644531
-105.39530944824219,-405.6780090332031
-104.13206481933594,-404.34881591796875
-104.0242919921875,-404.2356262207031
-103.91651916503906,-404.1224060058594
-103.7701416015625,-403.96820068359375
-103.66226196289062,-403.85455322265625
-103.53126525878906,-403.716552734375
-103.40797424316406,-403.586669921875
-103.28469848632812,-403.456787109375
-103.16922760009766,-403.3354187011719
-103.03837585449219,-403.1979064941406
-102.93060302734375,-403.084716796875
-102.79973602294922,-402.9468688964844
-102.67644500732422,-402.8169860839844
-102.54544830322266,-402.6789855957031
-102.42215728759766,-402.5491027832031
-102.29886627197266,-402.4192199707031
-102.17557525634766,-402.2893371582031
-102.06009674072266,-402.1677551269531