63.0,-807.0 67.0,-807.0
67.0,-807.0 67.0,-803.0
67.0,-803.0 63.0,-803.0
63.0,-803.0 63.0,-807.0
-5.0,-971.0 5.0,-971.0
5.0,-971.0 5.0,-961.0
5.0,-961.0 -5.0,-961.0
-5.0,-961.0 -5.0,-971.0
-1117.0,-867.0 -1085.0,-867.0
-1085.0,-867.0 -1085.0,-789.0
-1085.0,-789.0 -1159.0,-789.0
-1159.0,-789.0 -1159.0,-863.0
-1159.0,-863.0 -1117.0,-867.0
51.0,-657.0 115.0,-657.0
115.0,-657.0 115.0,-593.0
115.0,-593.0 51.0,-593.0
51.0,-593.0 51.0,-657.0
-967.0,-1161.0 -957.0,-1161.0
-957.0,-1161.0 -949.0,-1159.0
-949.0,-1159.0 -943.0,-1155.0
-943.0,-1155.0 -937.0,-1149.0
-937.0,-1149.0 -933.0,-1141.0
-933.0,-1141.0 -933.0,-1123.0
-933.0,-1123.0 -935.0,-1117.0
-935.0,-1117.0 -937.0,-1113.0
-937.0,-1113.0 -941.0,-1109.0
-941.0,-1109.0 -947.0,-1105.0
-947.0,-1105.0 -953.0,-1103.0
-953.0,-1103.0 -971.0,-1103.0
-971.0,-1103.0 -975.0,-1105.0
-975.0,-1105.0 -981.0,-1109.0
-981.0,-1109.0 -985.0,-1113.0
-985.0,-1113.0 -989.0,-1119.0
-989.0,-1119.0 -991.0,-1127.0
-991.0,-1127.0 -991.0,-1137.0
-991.0,-1137.0 -989.0,-1143.0
-989.0,-1143.0 -985.0,-1151.0
-985.0,-1151.0 -981.0,-1155.0
-981.0,-1155.0 -973.0,-1159.0
-973.0,-1159.0 -967.0,-1161.0
-1131.0,-973.0 -1129.0,-973.0
-1129.0,-973.0 -1127.0,-971.0
-1127.0,-971.0 -1123.0,-965.0
-1123.0,-965.0 -1109.0,-939.0
-1109.0,-939.0 -1107.0,-935.0
-1107.0,-935.0 -1107.0,-933.0
-1107.0,-933.0 -1153.0,-933.0
-1153.0,-933.0 -1153.0,-935.0
-1153.0,-935.0 -1139.0,-961.0
-1139.0,-961.0 -1133.0,-971.0
-1133.0,-971.0 -1131.0,-973.0
-963.0,-475.0 -959.0,-475.0
-959.0,-475.0 -937.0,-449.0
-937.0,-449.0 -937.0,-447.0
-937.0,-447.0 -949.0,-413.0
-949.0,-413.0 -983.0,-407.0
-983.0,-407.0 -987.0,-407.0
-987.0,-407.0 -987.0,-409.0
-987.0,-409.0 -981.0,-427.0
-981.0,-427.0 -963.0,-475.0
-959.0,-1079.0 -927.0,-1079.0
-927.0,-1079.0 -927.0,-1047.0
-927.0,-1047.0 -959.0,-1047.0
-959.0,-1047.0 -959.0,-1079.0
-983.0,-979.0 -951.0,-979.0
-951.0,-979.0 -951.0,-945.0
-951.0,-945.0 -983.0,-945.0
-983.0,-945.0 -983.0,-979.0
-731.0,-857.0 -725.0,-857.0
-725.0,-857.0 -719.0,-853.0
-719.0,-853.0 -719.0,-825.0
-719.0,-825.0 -725.0,-823.0
-725.0,-823.0 -745.0,-823.0
-745.0,-823.0 -751.0,-825.0
-751.0,-825.0 -751.0,-855.0
-751.0,-855.0 -731.0,-857.0
-75.0,-1145.0 -67.0,-1145.0
-67.0,-1145.0 -63.0,-1141.0
-63.0,-1141.0 -63.0,-1133.0
-63.0,-1133.0 -67.0,-1129.0
-67.0,-1129.0 -75.0,-1129.0
-75.0,-1129.0 -77.0,-1131.0
-77.0,-1131.0 -79.0,-1135.0
-79.0,-1135.0 -79.0,-1139.0
-79.0,-1139.0 -77.0,-1143.0
-77.0,-1143.0 -75.0,-1145.0
-119.0,-1061.0 -109.0,-1061.0
-109.0,-1061.0 -109.0,-1051.0
-109.0,-1051.0 -119.0,-1051.0
-119.0,-1051.0 -119.0,-1061.0
-47.0,-1155.0 -1.0,-1155.0
-1.0,-1155.0 1.0,-1145.0
1.0,-1145.0 1.0,-1117.0
1.0,-1117.0 -1.0,-1113.0
-1.0,-1113.0 -5.0,-1109.0
-5.0,-1109.0 -35.0,-1107.0
-35.0,-1107.0 -47.0,-1107.0
-47.0,-1107.0 -47.0,-1155.0
-589.0,-977.0 -555.0,-977.0
-555.0,-977.0 -555.0,-945.0
-555.0,-945.0 -589.0,-945.0
-589.0,-945.0 -589.0,-977.0
-819.0,-1053.0 -787.0,-1053.0
-787.0,-1053.0 -787.0,-1019.0
-787.0,-1019.0 -819.0,-1019.0
-819.0,-1019.0 -819.0,-1053.0
-967.0,-651.0 -935.0,-651.0
-935.0,-651.0 -935.0,-617.0
-935.0,-617.0 -967.0,-617.0
-967.0,-617.0 -967.0,-651.0
-817.0,-971.0 -785.0,-971.0
-785.0,-971.0 -785.0,-939.0
-785.0,-939.0 -817.0,-939.0
-817.0,-939.0 -817.0,-971.0
-939.0,-877.0 -907.0,-877.0
-907.0,-877.0 -907.0,-799.0
-907.0,-799.0 -981.0,-799.0
-981.0,-799.0 -981.0,-873.0
-981.0,-873.0 -939.0,-877.0
-1127.0,-591.0 -1103.0,-591.0
-1103.0,-591.0 -1059.0,-581.0
-1059.0,-581.0 -1051.0,-579.0
-1051.0,-579.0 -1047.0,-577.0
-1047.0,-577.0 -1037.0,-567.0
-1037.0,-567.0 -1035.0,-559.0
-1035.0,-559.0 -1035.0,-555.0
-1035.0,-555.0 -1037.0,-549.0
-1037.0,-549.0 -1041.0,-543.0
-1041.0,-543.0 -1047.0,-539.0
-1047.0,-539.0 -1051.0,-537.0
-1051.0,-537.0 -1057.0,-535.0
-1057.0,-535.0 -1065.0,-533.0
-1065.0,-533.0 -1081.0,-533.0
-1081.0,-533.0 -1097.0,-535.0
-1097.0,-535.0 -1105.0,-537.0
-1105.0,-537.0 -1111.0,-539.0
-1111.0,-539.0 -1115.0,-541.0
-1115.0,-541.0 -1127.0,-549.0
-1127.0,-549.0 -1135.0,-559.0
-1135.0,-559.0 -1137.0,-563.0
-1137.0,-563.0 -1137.0,-581.0
-1137.0,-581.0 -1135.0,-585.0
-1135.0,-585.0 -1131.0,-589.0
-1131.0,-589.0 -1127.0,-591.0
-1121.0,-777.0 -1117.0,-777.0
-1117.0,-777.0 -1097.0,-741.0
-1097.0,-741.0 -1097.0,-739.0
-1097.0,-739.0 -1141.0,-739.0
-1141.0,-739.0 -1141.0,-741.0
-1141.0,-741.0 -1121.0,-777.0
-1125.0,-423.0 -1041.0,-423.0
-1041.0,-423.0 -1041.0,-421.0
-1041.0,-421.0 -1061.0,-385.0
-1061.0,-385.0 -1105.0,-385.0
-1105.0,-385.0 -1145.0,-387.0
-1145.0,-387.0 -1145.0,-389.0
-1145.0,-389.0 -1125.0,-423.0
-1091.0,-665.0 -1063.0,-665.0
-1063.0,-665.0 -1063.0,-631.0
-1063.0,-631.0 -1091.0,-631.0
-1091.0,-631.0 -1091.0,-665.0
-1235.0,-443.0 -1203.0,-443.0
-1203.0,-443.0 -1203.0,-411.0
-1203.0,-411.0 -1235.0,-411.0
-1235.0,-411.0 -1235.0,-443.0
-727.0,-697.0 -717.0,-697.0
-717.0,-697.0 -717.0,-693.0
-717.0,-693.0 -719.0,-667.0
-719.0,-667.0 -739.0,-667.0
-739.0,-667.0 -745.0,-681.0
-745.0,-681.0 -747.0,-693.0
-747.0,-693.0 -747.0,-695.0
-747.0,-695.0 -727.0,-697.0
-445.0,-489.0 -419.0,-489.0
-419.0,-489.0 -419.0,-441.0
-419.0,-441.0 -467.0,-441.0
-467.0,-441.0 -467.0,-467.0
-467.0,-467.0 -445.0,-489.0
-469.0,-669.0 -407.0,-669.0
-407.0,-669.0 -407.0,-605.0
-407.0,-605.0 -469.0,-605.0
-469.0,-605.0 -469.0,-669.0
-391.0,-563.0 -359.0,-563.0
-359.0,-563.0 -359.0,-529.0
-359.0,-529.0 -391.0,-529.0
-391.0,-529.0 -391.0,-563.0
-233.0,-889.0 -171.0,-889.0
-171.0,-889.0 -171.0,-827.0
-171.0,-827.0 -233.0,-827.0
-233.0,-827.0 -233.0,-889.0
-107.0,-965.0 -79.0,-965.0
-79.0,-965.0 -79.0,-937.0
-79.0,-937.0 -107.0,-937.0
-107.0,-937.0 -107.0,-965.0
-1169.0,-1163.0 -1107.0,-1163.0
-1107.0,-1163.0 -1107.0,-1101.0
-1107.0,-1101.0 -1169.0,-1101.0
-1169.0,-1101.0 -1169.0,-1163.0
-461.0,-1079.0 -443.0,-1079.0
-443.0,-1079.0 -439.0,-1077.0
-439.0,-1077.0 -433.0,-1073.0
-433.0,-1073.0 -431.0,-1071.0
-431.0,-1071.0 -427.0,-1065.0
-427.0,-1065.0 -425.0,-1061.0
-425.0,-1061.0 -423.0,-1055.0
-423.0,-1055.0 -423.0,-1047.0
-423.0,-1047.0 -425.0,-1039.0
-425.0,-1039.0 -427.0,-1035.0
-427.0,-1035.0 -431.0,-1029.0
-431.0,-1029.0 -433.0,-1027.0
-433.0,-1027.0 -439.0,-1023.0
-439.0,-1023.0 -447.0,-1021.0
-447.0,-1021.0 -459.0,-1021.0
-459.0,-1021.0 -465.0,-1023.0
-465.0,-1023.0 -469.0,-1025.0
-469.0,-1025.0 -477.0,-1033.0
-477.0,-1033.0 -481.0,-1039.0
-481.0,-1039.0 -481.0,-1061.0
-481.0,-1061.0 -479.0,-1065.0
-479.0,-1065.0 -475.0,-1071.0
-475.0,-1071.0 -473.0,-1073.0
-473.0,-1073.0 -461.0,-1079.0
-905.0,-765.0 -849.0,-765.0
-849.0,-765.0 -849.0,-759.0
-849.0,-759.0 -871.0,-721.0
-871.0,-721.0 -875.0,-717.0
-875.0,-717.0 -877.0,-717.0
-877.0,-717.0 -881.0,-721.0
-881.0,-721.0 -893.0,-741.0
-893.0,-741.0 -903.0,-759.0
-903.0,-759.0 -905.0,-763.0
-905.0,-763.0 -905.0,-765.0
-475.0,-979.0 -443.0,-979.0
-443.0,-979.0 -443.0,-947.0
-443.0,-947.0 -475.0,-947.0
-475.0,-947.0 -475.0,-979.0
-815.0,-871.0 -783.0,-871.0
-783.0,-871.0 -783.0,-839.0
-783.0,-839.0 -815.0,-839.0
-815.0,-839.0 -815.0,-871.0
-383.0,-1159.0 -363.0,-1159.0
-363.0,-1159.0 -355.0,-1155.0
-355.0,-1155.0 -353.0,-1153.0
-353.0,-1153.0 -349.0,-1147.0
-349.0,-1147.0 -347.0,-1143.0
-347.0,-1143.0 -347.0,-1125.0
-347.0,-1125.0 -351.0,-1117.0
-351.0,-1117.0 -357.0,-1111.0
-357.0,-1111.0 -361.0,-1109.0
-361.0,-1109.0 -367.0,-1107.0
-367.0,-1107.0 -379.0,-1107.0
-379.0,-1107.0 -385.0,-1109.0
-385.0,-1109.0 -393.0,-1115.0
-393.0,-1115.0 -397.0,-1121.0
-397.0,-1121.0 -399.0,-1127.0
-399.0,-1127.0 -399.0,-1141.0
-399.0,-1141.0 -395.0,-1149.0
-395.0,-1149.0 -387.0,-1157.0
-387.0,-1157.0 -383.0,-1159.0
-395.0,-855.0 -393.0,-855.0
-393.0,-855.0 -345.0,-827.0
-345.0,-827.0 -345.0,-717.0
-345.0,-717.0 -349.0,-717.0
-349.0,-717.0 -395.0,-745.0
-395.0,-745.0 -395.0,-855.0
-251.0,-585.0 -219.0,-585.0
-219.0,-585.0 -219.0,-553.0
-219.0,-553.0 -251.0,-553.0
-251.0,-553.0 -251.0,-585.0
-821.0,-809.0 -789.0,-809.0
-789.0,-809.0 -789.0,-775.0
-789.0,-775.0 -821.0,-775.0
-821.0,-775.0 -821.0,-809.0
-647.0,-973.0 -615.0,-973.0
-615.0,-973.0 -615.0,-939.0
-615.0,-939.0 -647.0,-939.0
-647.0,-939.0 -647.0,-973.0
-765.0,-757.0 -733.0,-757.0
-733.0,-757.0 -733.0,-725.0
-733.0,-725.0 -765.0,-725.0
-765.0,-725.0 -765.0,-757.0
-817.0,-497.0 -785.0,-497.0
-785.0,-497.0 -785.0,-465.0
-785.0,-465.0 -817.0,-465.0
-817.0,-465.0 -817.0,-497.0
-309.0,-777.0 -253.0,-777.0
-253.0,-777.0 -253.0,-775.0
-253.0,-775.0 -257.0,-767.0
-257.0,-767.0 -279.0,-729.0
-279.0,-729.0 -283.0,-729.0
-283.0,-729.0 -295.0,-749.0
-295.0,-749.0 -305.0,-767.0
-305.0,-767.0 -309.0,-775.0
-309.0,-775.0 -309.0,-777.0
-745.0,-489.0 -713.0,-489.0
-713.0,-489.0 -713.0,-455.0
-713.0,-455.0 -745.0,-455.0
-745.0,-455.0 -745.0,-489.0
-1105.0,-1045.0 -1071.0,-1045.0
-1071.0,-1045.0 -1071.0,-1017.0
-1071.0,-1017.0 -1105.0,-1017.0
-1105.0,-1017.0 -1105.0,-1045.0
-609.0,-563.0 -577.0,-563.0
-577.0,-563.0 -577.0,-535.0
-577.0,-535.0 -581.0,-533.0
-581.0,-533.0 -589.0,-531.0
-589.0,-531.0 -609.0,-531.0
-609.0,-531.0 -609.0,-563.0
-715.0,-1079.0 -683.0,-1079.0
-683.0,-1079.0 -683.0,-1049.0
-683.0,-1049.0 -687.0,-1047.0
-687.0,-1047.0 -707.0,-1045.0
-707.0,-1045.0 -715.0,-1045.0
-715.0,-1045.0 -715.0,-1079.0
-651.0,-563.0 -619.0,-563.0
-619.0,-563.0 -619.0,-535.0
-619.0,-535.0 -621.0,-531.0
-621.0,-531.0 -651.0,-531.0
-651.0,-531.0 -651.0,-563.0
-745.0,-953.0 -713.0,-953.0
-713.0,-953.0 -713.0,-921.0
-713.0,-921.0 -745.0,-921.0
-745.0,-921.0 -745.0,-953.0
47.0,-589.0 109.0,-589.0
109.0,-589.0 109.0,-527.0
109.0,-527.0 47.0,-527.0
47.0,-527.0 47.0,-589.0
-391.0,-451.0 -359.0,-451.0
-359.0,-451.0 -359.0,-419.0
-359.0,-419.0 -391.0,-419.0
-391.0,-419.0 -391.0,-451.0
-61.0,-781.0 -23.0,-781.0
-23.0,-781.0 -23.0,-741.0
-23.0,-741.0 -25.0,-741.0
-25.0,-741.0 -61.0,-743.0
-61.0,-743.0 -61.0,-781.0
-211.0,-1133.0 -201.0,-1133.0
-201.0,-1133.0 -201.0,-1123.0
-201.0,-1123.0 -211.0,-1123.0
-211.0,-1123.0 -211.0,-1133.0
-77.0,-1005.0 -67.0,-1005.0
-67.0,-1005.0 -67.0,-995.0
-67.0,-995.0 -77.0,-995.0
-77.0,-995.0 -77.0,-1005.0
67.0,-883.0 101.0,-883.0
101.0,-883.0 101.0,-851.0
101.0,-851.0 67.0,-851.0
67.0,-851.0 67.0,-883.0
-757.0,-697.0 -747.0,-697.0
-747.0,-697.0 -747.0,-691.0
-747.0,-691.0 -749.0,-667.0
-749.0,-667.0 -769.0,-667.0
-769.0,-667.0 -775.0,-681.0
-775.0,-681.0 -777.0,-693.0
-777.0,-693.0 -777.0,-695.0
-777.0,-695.0 -757.0,-697.0
-913.0,-985.0 -863.0,-985.0
-863.0,-985.0 -863.0,-935.0
-863.0,-935.0 -913.0,-935.0
-913.0,-935.0 -913.0,-985.0
-715.0,-435.0 -711.0,-435.0
-711.0,-435.0 -699.0,-415.0
-699.0,-415.0 -691.0,-401.0
-691.0,-401.0 -691.0,-395.0
-691.0,-395.0 -735.0,-395.0
-735.0,-395.0 -735.0,-401.0
-735.0,-401.0 -721.0,-425.0
-721.0,-425.0 -715.0,-435.0
-821.0,-579.0 -789.0,-579.0
-789.0,-579.0 -789.0,-547.0
-789.0,-547.0 -821.0,-547.0
-821.0,-547.0 -821.0,-579.0
-1083.0,-1163.0 -1021.0,-1163.0
-1021.0,-1163.0 -1021.0,-1101.0
-1021.0,-1101.0 -1083.0,-1101.0
-1083.0,-1101.0 -1083.0,-1163.0
-707.0,-997.0 -687.0,-997.0
-687.0,-997.0 -687.0,-975.0
-687.0,-975.0 -707.0,-975.0
-707.0,-975.0 -707.0,-997.0
-305.0,-889.0 -243.0,-889.0
-243.0,-889.0 -243.0,-827.0
-243.0,-827.0 -305.0,-827.0
-305.0,-827.0 -305.0,-889.0
-1153.0,-689.0 -1121.0,-689.0
-1121.0,-689.0 -1121.0,-655.0
-1121.0,-655.0 -1153.0,-655.0
-1153.0,-655.0 -1153.0,-689.0
-1241.0,-629.0 -1209.0,-629.0
-1209.0,-629.0 -1209.0,-597.0
-1209.0,-597.0 -1241.0,-597.0
-1241.0,-597.0 -1241.0,-629.0
-609.0,-489.0 -583.0,-489.0
-583.0,-489.0 -583.0,-441.0
-583.0,-441.0 -631.0,-441.0
-631.0,-441.0 -631.0,-467.0
-631.0,-467.0 -609.0,-489.0
-555.0,-451.0 -523.0,-451.0
-523.0,-451.0 -523.0,-419.0
-523.0,-419.0 -555.0,-419.0
-555.0,-419.0 -555.0,-451.0
-643.0,-657.0 -611.0,-657.0
-611.0,-657.0 -611.0,-625.0
-611.0,-625.0 -643.0,-625.0
-643.0,-625.0 -643.0,-657.0
-579.0,-657.0 -545.0,-657.0
-545.0,-657.0 -545.0,-625.0
-545.0,-625.0 -579.0,-625.0
-579.0,-625.0 -579.0,-657.0
-543.0,-563.0 -511.0,-563.0
-511.0,-563.0 -511.0,-535.0
-511.0,-535.0 -513.0,-533.0
-513.0,-533.0 -523.0,-531.0
-523.0,-531.0 -543.0,-531.0
-543.0,-531.0 -543.0,-563.0
-535.0,-621.0 -507.0,-621.0
-507.0,-621.0 -507.0,-619.0
-507.0,-619.0 -519.0,-595.0
-519.0,-595.0 -521.0,-595.0
-521.0,-595.0 -529.0,-607.0
-529.0,-607.0 -535.0,-619.0
-535.0,-619.0 -535.0,-621.0
-1083.0,-781.0 -1021.0,-781.0
-1021.0,-781.0 -1021.0,-719.0
-1021.0,-719.0 -1083.0,-719.0
-1083.0,-719.0 -1083.0,-781.0
-711.0,-617.0 -683.0,-617.0
-683.0,-617.0 -679.0,-613.0
-679.0,-613.0 -679.0,-585.0
-679.0,-585.0 -711.0,-585.0
-711.0,-585.0 -711.0,-617.0
-647.0,-611.0 -617.0,-611.0
-617.0,-611.0 -617.0,-579.0
-617.0,-579.0 -649.0,-579.0
-649.0,-579.0 -649.0,-607.0
-649.0,-607.0 -647.0,-611.0
-1237.0,-673.0 -1205.0,-673.0
-1205.0,-673.0 -1205.0,-641.0
-1205.0,-641.0 -1237.0,-641.0
-1237.0,-641.0 -1237.0,-673.0
-1237.0,-1147.0 -1205.0,-1147.0
-1205.0,-1147.0 -1205.0,-1115.0
-1205.0,-1115.0 -1237.0,-1115.0
-1237.0,-1115.0 -1237.0,-1147.0
-1251.0,-777.0 -1195.0,-777.0
-1195.0,-777.0 -1195.0,-721.0
-1195.0,-721.0 -1251.0,-721.0
-1251.0,-721.0 -1251.0,-777.0
-823.0,-423.0 -789.0,-423.0
-789.0,-423.0 -789.0,-391.0
-789.0,-391.0 -823.0,-391.0
-823.0,-391.0 -823.0,-423.0
-695.0,-697.0 -687.0,-697.0
-687.0,-697.0 -687.0,-693.0
-687.0,-693.0 -689.0,-667.0
-689.0,-667.0 -707.0,-667.0
-707.0,-667.0 -715.0,-681.0
-715.0,-681.0 -715.0,-695.0
-715.0,-695.0 -695.0,-697.0
-145.0,-891.0 -77.0,-891.0
-77.0,-891.0 -77.0,-823.0
-77.0,-823.0 -145.0,-823.0
-145.0,-823.0 -145.0,-891.0
63.0,-807.0 51.0,-657.0
63.0,-807.0 -219.0,-553.0
63.0,-807.0 -309.0,-777.0
63.0,-807.0 -359.0,-419.0
63.0,-807.0 -61.0,-781.0
63.0,-807.0 -23.0,-741.0
63.0,-807.0 67.0,-883.0
63.0,-807.0 101.0,-851.0
67.0,-807.0 5.0,-971.0
67.0,-807.0 -5.0,-961.0
67.0,-807.0 115.0,-657.0
67.0,-807.0 1.0,-1145.0
67.0,-807.0 -233.0,-827.0
67.0,-807.0 -79.0,-965.0
67.0,-807.0 -107.0,-937.0
67.0,-807.0 -385.0,-1109.0
67.0,-807.0 -201.0,-1133.0
67.0,-807.0 -211.0,-1123.0
67.0,-807.0 -67.0,-1005.0
67.0,-807.0 -77.0,-995.0
67.0,-807.0 -305.0,-827.0
67.0,-807.0 -77.0,-891.0
67.0,-807.0 -145.0,-823.0
67.0,-803.0 51.0,-657.0
67.0,-803.0 -219.0,-553.0
67.0,-803.0 -309.0,-777.0
67.0,-803.0 -359.0,-419.0
67.0,-803.0 -61.0,-781.0
67.0,-803.0 -23.0,-741.0
67.0,-803.0 101.0,-851.0
63.0,-803.0 5.0,-971.0
63.0,-803.0 -5.0,-961.0
63.0,-803.0 115.0,-657.0
63.0,-803.0 -119.0,-1051.0
63.0,-803.0 1.0,-1145.0
63.0,-803.0 -233.0,-827.0
63.0,-803.0 -79.0,-965.0
63.0,-803.0 -107.0,-937.0
63.0,-803.0 -385.0,-1109.0
63.0,-803.0 -201.0,-1133.0
63.0,-803.0 -211.0,-1123.0
63.0,-803.0 -67.0,-1005.0
63.0,-803.0 -77.0,-995.0
63.0,-803.0 -305.0,-827.0
63.0,-803.0 -77.0,-891.0
63.0,-803.0 -145.0,-823.0
-5.0,-971.0 1.0,-1117.0
-5.0,-971.0 -107.0,-965.0
-5.0,-971.0 -79.0,-937.0
-5.0,-971.0 -443.0,-947.0
-5.0,-971.0 -61.0,-781.0
-5.0,-971.0 -23.0,-741.0
-5.0,-971.0 -145.0,-891.0
-5.0,-971.0 -77.0,-823.0
5.0,-971.0 51.0,-593.0
5.0,-971.0 -63.0,-1141.0
5.0,-971.0 -77.0,-1131.0
5.0,-971.0 -109.0,-1061.0
5.0,-971.0 -119.0,-1051.0
5.0,-971.0 1.0,-1145.0
5.0,-971.0 -47.0,-1107.0
5.0,-971.0 -819.0,-1019.0
5.0,-971.0 -443.0,-1079.0
5.0,-971.0 -459.0,-1021.0
5.0,-971.0 -443.0,-979.0
5.0,-971.0 -355.0,-1155.0
5.0,-971.0 -1105.0,-1017.0
5.0,-971.0 -715.0,-1045.0
5.0,-971.0 47.0,-527.0
5.0,-971.0 -67.0,-1005.0
5.0,-971.0 -77.0,-995.0
5.0,-971.0 101.0,-883.0
5.0,-971.0 67.0,-851.0
5.0,-971.0 -687.0,-997.0
5.0,-961.0 -233.0,-889.0
5.0,-961.0 -79.0,-937.0
5.0,-961.0 -219.0,-553.0
5.0,-961.0 -61.0,-781.0
5.0,-961.0 -23.0,-741.0
5.0,-961.0 -145.0,-891.0
5.0,-961.0 -77.0,-823.0
-5.0,-961.0 115.0,-657.0
-5.0,-961.0 51.0,-593.0
-5.0,-961.0 -63.0,-1141.0
-5.0,-961.0 -79.0,-1135.0
-5.0,-961.0 -109.0,-1061.0
-5.0,-961.0 -119.0,-1051.0
-5.0,-961.0 -47.0,-1107.0
-5.0,-961.0 -787.0,-1053.0
-5.0,-961.0 -819.0,-1019.0
-5.0,-961.0 -79.0,-965.0
-5.0,-961.0 -443.0,-1079.0
-5.0,-961.0 -459.0,-1021.0
-5.0,-961.0 -385.0,-1109.0
-5.0,-961.0 -715.0,-1045.0
-5.0,-961.0 47.0,-527.0
-5.0,-961.0 -211.0,-1123.0
-5.0,-961.0 -67.0,-1005.0
-5.0,-961.0 -77.0,-995.0
-5.0,-961.0 101.0,-883.0
-5.0,-961.0 67.0,-851.0
-1117.0,-867.0 -939.0,-877.0
-1117.0,-867.0 -79.0,-937.0
-1085.0,-867.0 -1107.0,-935.0
-1085.0,-867.0 -1153.0,-933.0
-1085.0,-867.0 -981.0,-799.0
-1085.0,-867.0 -877.0,-717.0
-1085.0,-867.0 -785.0,-497.0
-1085.0,-867.0 -1105.0,-1017.0
-1085.0,-867.0 -651.0,-531.0
-1085.0,-867.0 -789.0,-579.0
-1085.0,-867.0 -821.0,-547.0
-1085.0,-867.0 -631.0,-441.0
-1085.0,-867.0 -1021.0,-781.0
-1085.0,-867.0 -1083.0,-719.0
-1085.0,-867.0 -711.0,-585.0
-1085.0,-789.0 -991.0,-1137.0
-1085.0,-789.0 -959.0,-1079.0
-1085.0,-789.0 -983.0,-979.0
-1085.0,-789.0 -951.0,-945.0
-1085.0,-789.0 -907.0,-799.0
-1085.0,-789.0 -981.0,-873.0
-1085.0,-789.0 -1121.0,-777.0
-1085.0,-789.0 -1097.0,-739.0
-1085.0,-789.0 -1091.0,-665.0
-1085.0,-789.0 -1071.0,-1017.0
-1085.0,-789.0 -913.0,-985.0
-1085.0,-789.0 -1021.0,-1101.0
-1085.0,-789.0 -1251.0,-777.0
-1159.0,-789.0 -1117.0,-777.0
-1159.0,-789.0 -1141.0,-739.0
-1159.0,-789.0 -1145.0,-387.0
-1159.0,-789.0 -1169.0,-1101.0
-1159.0,-789.0 -821.0,-775.0
-1159.0,-789.0 -1153.0,-655.0
-1159.0,-789.0 -1021.0,-781.0
-1159.0,-789.0 -1205.0,-1147.0
-1159.0,-789.0 -1237.0,-1115.0
-1159.0,-863.0 -937.0,-1113.0
-1159.0,-863.0 -1107.0,-933.0
-1159.0,-863.0 -1153.0,-935.0
-1159.0,-863.0 -959.0,-1079.0
-1159.0,-863.0 -927.0,-1047.0
-1159.0,-863.0 -983.0,-979.0
-1159.0,-863.0 -951.0,-945.0
-1159.0,-863.0 -785.0,-939.0
-1159.0,-863.0 -1235.0,-443.0
-1159.0,-863.0 -1203.0,-411.0
-1159.0,-863.0 -107.0,-965.0
-1159.0,-863.0 -443.0,-947.0
-1159.0,-863.0 -713.0,-921.0
-1159.0,-863.0 -863.0,-935.0
-1159.0,-863.0 -1209.0,-597.0
-1159.0,-863.0 -1205.0,-641.0
-1159.0,-863.0 -1251.0,-777.0
-1159.0,-863.0 -1195.0,-721.0
51.0,-657.0 -419.0,-441.0
51.0,-657.0 -407.0,-605.0
51.0,-657.0 -391.0,-563.0
51.0,-657.0 -251.0,-585.0
51.0,-657.0 -219.0,-553.0
51.0,-657.0 -609.0,-563.0
51.0,-657.0 -651.0,-563.0
51.0,-657.0 47.0,-589.0
51.0,-657.0 -391.0,-451.0
51.0,-657.0 -359.0,-419.0
51.0,-657.0 67.0,-883.0
51.0,-657.0 101.0,-851.0
51.0,-657.0 -789.0,-547.0
51.0,-657.0 -543.0,-563.0
51.0,-657.0 -617.0,-579.0
115.0,-657.0 -79.0,-1135.0
115.0,-657.0 -119.0,-1051.0
115.0,-657.0 -407.0,-669.0
115.0,-657.0 -233.0,-827.0
115.0,-657.0 -79.0,-965.0
115.0,-657.0 -107.0,-937.0
115.0,-657.0 -877.0,-717.0
115.0,-657.0 -393.0,-855.0
115.0,-657.0 -349.0,-717.0
115.0,-657.0 -821.0,-775.0
115.0,-657.0 -733.0,-757.0
115.0,-657.0 -765.0,-725.0
115.0,-657.0 -253.0,-777.0
115.0,-657.0 -283.0,-729.0
115.0,-657.0 -23.0,-781.0
115.0,-657.0 -61.0,-743.0
115.0,-657.0 -67.0,-1005.0
115.0,-657.0 -77.0,-995.0
115.0,-657.0 101.0,-883.0
115.0,-657.0 67.0,-851.0
115.0,-657.0 -305.0,-827.0
115.0,-657.0 -1083.0,-719.0
115.0,-657.0 -687.0,-697.0
115.0,-657.0 -77.0,-891.0
115.0,-593.0 -251.0,-585.0
115.0,-593.0 47.0,-589.0
115.0,-593.0 109.0,-527.0
115.0,-593.0 -617.0,-579.0
51.0,-593.0 -745.0,-823.0
51.0,-593.0 -63.0,-1141.0
51.0,-593.0 -79.0,-1135.0
51.0,-593.0 -109.0,-1061.0
51.0,-593.0 1.0,-1145.0
51.0,-593.0 -47.0,-1107.0
51.0,-593.0 -555.0,-977.0
51.0,-593.0 -407.0,-669.0
51.0,-593.0 -469.0,-605.0
51.0,-593.0 -233.0,-827.0
51.0,-593.0 -79.0,-965.0
51.0,-593.0 -815.0,-839.0
51.0,-593.0 -349.0,-717.0
51.0,-593.0 -789.0,-809.0
51.0,-593.0 -733.0,-757.0
51.0,-593.0 -253.0,-777.0
51.0,-593.0 -283.0,-729.0
51.0,-593.0 109.0,-589.0
51.0,-593.0 -23.0,-781.0
51.0,-593.0 -61.0,-743.0
51.0,-593.0 -67.0,-1005.0
51.0,-593.0 -77.0,-995.0
51.0,-593.0 -305.0,-827.0
51.0,-593.0 -521.0,-595.0
51.0,-593.0 -145.0,-823.0
-957.0,-1161.0 -109.0,-1061.0
-957.0,-1161.0 -119.0,-1051.0
-957.0,-1161.0 -443.0,-1079.0
-957.0,-1161.0 -363.0,-1159.0
-957.0,-1161.0 -379.0,-1107.0
-957.0,-1161.0 -1021.0,-1163.0
-949.0,-1159.0 -787.0,-1053.0
-949.0,-1159.0 -459.0,-1021.0
-949.0,-1159.0 -615.0,-973.0
-949.0,-1159.0 -683.0,-1079.0
-949.0,-1159.0 -715.0,-1045.0
-949.0,-1159.0 -687.0,-997.0
-937.0,-1149.0 -819.0,-1019.0
-937.0,-1149.0 -785.0,-971.0
-937.0,-1149.0 -817.0,-939.0
-937.0,-1149.0 -783.0,-871.0
-937.0,-1149.0 -643.0,-625.0
-933.0,-1141.0 -927.0,-1079.0
-933.0,-1141.0 -863.0,-985.0
-933.0,-1141.0 -913.0,-935.0
-937.0,-1113.0 -1107.0,-933.0
-937.0,-1113.0 -959.0,-1079.0
-937.0,-1113.0 -1251.0,-777.0
-941.0,-1109.0 -1131.0,-973.0
-941.0,-1109.0 -1071.0,-1017.0
-947.0,-1105.0 -1105.0,-1045.0
-953.0,-1103.0 -35.0,-1107.0
-953.0,-1103.0 -383.0,-1159.0
-953.0,-1103.0 -367.0,-1107.0
-953.0,-1103.0 -1021.0,-1101.0
-971.0,-1103.0 -787.0,-1053.0
-971.0,-1103.0 -443.0,-1079.0
-971.0,-1103.0 -443.0,-979.0
-971.0,-1103.0 -683.0,-1079.0
-971.0,-1103.0 -715.0,-1045.0
-975.0,-1105.0 -927.0,-1079.0
-985.0,-1113.0 -1021.0,-1163.0
-989.0,-1119.0 -959.0,-1047.0
-989.0,-1119.0 -951.0,-979.0
-989.0,-1119.0 -907.0,-877.0
-989.0,-1119.0 -849.0,-765.0
-989.0,-1119.0 -913.0,-935.0
-991.0,-1127.0 -987.0,-407.0
-991.0,-1127.0 -983.0,-945.0
-991.0,-1127.0 -981.0,-799.0
-991.0,-1137.0 -1137.0,-581.0
-991.0,-1137.0 -1097.0,-739.0
-991.0,-1137.0 -1041.0,-421.0
-991.0,-1137.0 -1083.0,-781.0
-991.0,-1137.0 -1021.0,-719.0
-985.0,-1151.0 -1107.0,-933.0
-985.0,-1151.0 -1071.0,-1017.0
-985.0,-1151.0 -1021.0,-1101.0
-1131.0,-973.0 -959.0,-1079.0
-1131.0,-973.0 -927.0,-1047.0
-1131.0,-973.0 -983.0,-979.0
-1131.0,-973.0 -819.0,-1053.0
-1131.0,-973.0 -787.0,-1019.0
-1131.0,-973.0 -447.0,-1021.0
-1131.0,-973.0 -1071.0,-1017.0
-1131.0,-973.0 -913.0,-985.0
-1131.0,-973.0 -707.0,-997.0
-1129.0,-973.0 -983.0,-945.0
-1129.0,-973.0 -725.0,-857.0
-1129.0,-973.0 -907.0,-877.0
-1129.0,-973.0 -783.0,-871.0
-1129.0,-973.0 -815.0,-839.0
-1127.0,-971.0 -981.0,-799.0
-1127.0,-971.0 -785.0,-497.0
-1127.0,-971.0 -821.0,-547.0
-1127.0,-971.0 -1237.0,-1115.0
-1123.0,-965.0 -935.0,-651.0
-1123.0,-965.0 -817.0,-465.0
-1123.0,-965.0 -1021.0,-781.0
-1107.0,-935.0 -1169.0,-1101.0
-1107.0,-935.0 -1205.0,-1147.0
-1107.0,-933.0 -959.0,-1079.0
-1107.0,-933.0 -927.0,-1047.0
-1107.0,-933.0 -983.0,-979.0
-1107.0,-933.0 -951.0,-945.0
-1107.0,-933.0 -819.0,-1053.0
-1107.0,-933.0 -1105.0,-1045.0
-1107.0,-933.0 -1071.0,-1017.0
-1107.0,-933.0 -863.0,-935.0
-1107.0,-933.0 -1021.0,-1101.0
-1107.0,-933.0 -1251.0,-777.0
-1153.0,-933.0 -907.0,-877.0
-1153.0,-933.0 -981.0,-799.0
-1153.0,-933.0 -171.0,-889.0
-1153.0,-933.0 -1169.0,-1101.0
-1153.0,-933.0 -877.0,-717.0
-1153.0,-933.0 -783.0,-871.0
-1153.0,-933.0 -393.0,-855.0
-1153.0,-933.0 -651.0,-531.0
-1153.0,-933.0 -745.0,-921.0
-1153.0,-933.0 -243.0,-889.0
-1153.0,-933.0 -631.0,-441.0
-1153.0,-933.0 -711.0,-585.0
-1153.0,-933.0 -1205.0,-1147.0
-1153.0,-933.0 -1237.0,-1115.0
-1153.0,-933.0 -77.0,-891.0
-1153.0,-935.0 -1203.0,-411.0
-1153.0,-935.0 -1107.0,-1101.0
-1153.0,-935.0 -1105.0,-1045.0
-1153.0,-935.0 -1083.0,-1163.0
-1153.0,-935.0 -1209.0,-597.0
-1153.0,-935.0 -1205.0,-641.0
-1153.0,-935.0 -1195.0,-721.0
-1133.0,-971.0 -1251.0,-777.0
-963.0,-475.0 -719.0,-825.0
-963.0,-475.0 -1125.0,-423.0
-963.0,-475.0 -1061.0,-385.0
-963.0,-475.0 -1235.0,-443.0
-963.0,-475.0 -1203.0,-411.0
-963.0,-475.0 -719.0,-667.0
-963.0,-475.0 -849.0,-759.0
-963.0,-475.0 -821.0,-809.0
-963.0,-475.0 -789.0,-775.0
-963.0,-475.0 -765.0,-757.0
-963.0,-475.0 -817.0,-497.0
-963.0,-475.0 -651.0,-563.0
-963.0,-475.0 -621.0,-531.0
-963.0,-475.0 -749.0,-667.0
-963.0,-475.0 -777.0,-695.0
-963.0,-475.0 -821.0,-579.0
-963.0,-475.0 -789.0,-547.0
-963.0,-475.0 -679.0,-585.0
-963.0,-475.0 -617.0,-579.0
-959.0,-475.0 -1037.0,-567.0
-959.0,-475.0 -1111.0,-539.0
-959.0,-475.0 -1091.0,-631.0
-959.0,-475.0 -817.0,-465.0
-959.0,-475.0 -745.0,-455.0
-959.0,-475.0 -711.0,-435.0
-959.0,-475.0 -631.0,-441.0
-959.0,-475.0 -555.0,-419.0
-959.0,-475.0 -789.0,-423.0
-959.0,-475.0 -823.0,-391.0
-937.0,-449.0 -967.0,-617.0
-937.0,-449.0 -1097.0,-741.0
-937.0,-449.0 -1063.0,-665.0
-937.0,-449.0 -1071.0,-1045.0
-937.0,-449.0 -1083.0,-1101.0
-937.0,-449.0 -1021.0,-781.0
-937.0,-449.0 -1083.0,-719.0
-937.0,-447.0 -935.0,-617.0
-937.0,-447.0 -907.0,-799.0
-937.0,-447.0 -905.0,-765.0
-937.0,-447.0 -849.0,-759.0
-937.0,-447.0 -815.0,-871.0
-937.0,-447.0 -821.0,-809.0
-949.0,-413.0 -751.0,-855.0
-949.0,-413.0 -1061.0,-385.0
-949.0,-413.0 -789.0,-775.0
-949.0,-413.0 -765.0,-757.0
-949.0,-413.0 -817.0,-497.0
-949.0,-413.0 -785.0,-465.0
-949.0,-413.0 -713.0,-455.0
-949.0,-413.0 -777.0,-695.0
-949.0,-413.0 -821.0,-579.0
-949.0,-413.0 -789.0,-547.0
-949.0,-413.0 -679.0,-585.0
-983.0,-407.0 -715.0,-435.0
-983.0,-407.0 -823.0,-423.0
-987.0,-407.0 -1037.0,-567.0
-987.0,-407.0 -1127.0,-549.0
-987.0,-407.0 -1041.0,-423.0
-987.0,-407.0 -1063.0,-665.0
-987.0,-407.0 -1021.0,-1163.0
-987.0,-407.0 -1209.0,-629.0
-987.0,-407.0 -1241.0,-597.0
-987.0,-407.0 -1021.0,-781.0
-987.0,-407.0 -823.0,-391.0
-987.0,-409.0 -983.0,-979.0
-987.0,-409.0 -967.0,-651.0
-987.0,-409.0 -935.0,-617.0
-987.0,-409.0 -981.0,-873.0
-959.0,-1079.0 -983.0,-979.0
-959.0,-1079.0 -35.0,-1107.0
-959.0,-1079.0 -383.0,-1159.0
-959.0,-1079.0 -367.0,-1107.0
-959.0,-1079.0 -1105.0,-1045.0
-959.0,-1079.0 -1071.0,-1017.0
-959.0,-1079.0 -1083.0,-781.0
-959.0,-1079.0 -1251.0,-777.0
-927.0,-1079.0 -751.0,-825.0
-927.0,-1079.0 -787.0,-1053.0
-927.0,-1079.0 -819.0,-1019.0
-927.0,-1079.0 -785.0,-971.0
-927.0,-1079.0 -817.0,-939.0
-927.0,-1079.0 -107.0,-937.0
-927.0,-1079.0 -1169.0,-1101.0
-927.0,-1079.0 -783.0,-871.0
-927.0,-1079.0 -715.0,-1045.0
-927.0,-1079.0 -713.0,-953.0
-927.0,-1079.0 -863.0,-985.0
-927.0,-1079.0 -913.0,-935.0
-927.0,-1079.0 -1083.0,-1101.0
-927.0,-1047.0 -983.0,-979.0
-927.0,-1047.0 -951.0,-945.0
-927.0,-1047.0 -819.0,-1053.0
-927.0,-1047.0 -383.0,-1159.0
-927.0,-1047.0 -1105.0,-1045.0
-927.0,-1047.0 -1071.0,-1017.0
-927.0,-1047.0 -715.0,-1079.0
-959.0,-1047.0 -951.0,-979.0
-959.0,-1047.0 -819.0,-1019.0
-959.0,-1047.0 -785.0,-971.0
-959.0,-1047.0 -907.0,-877.0
-959.0,-1047.0 -1169.0,-1101.0
-959.0,-1047.0 -849.0,-765.0
-959.0,-1047.0 -647.0,-939.0
-959.0,-1047.0 -713.0,-953.0
-959.0,-1047.0 -863.0,-985.0
-959.0,-1047.0 -913.0,-935.0
-959.0,-1047.0 -1021.0,-1163.0
-959.0,-1047.0 -1083.0,-1101.0
-959.0,-1047.0 -707.0,-975.0
-959.0,-1047.0 -1237.0,-1115.0
-983.0,-979.0 -819.0,-1053.0
-983.0,-979.0 -787.0,-1019.0
-983.0,-979.0 -1035.0,-555.0
-983.0,-979.0 -1041.0,-421.0
-983.0,-979.0 -461.0,-1079.0
-983.0,-979.0 -211.0,-1133.0
-983.0,-979.0 -913.0,-985.0
-983.0,-979.0 -1083.0,-781.0
-983.0,-979.0 -1021.0,-719.0
-951.0,-979.0 -907.0,-877.0
-951.0,-979.0 -1169.0,-1101.0
-951.0,-979.0 -849.0,-765.0
-951.0,-979.0 -821.0,-775.0
-951.0,-979.0 -713.0,-489.0
-951.0,-979.0 -1071.0,-1045.0
-951.0,-979.0 -1105.0,-1017.0
-951.0,-979.0 -769.0,-667.0
-951.0,-979.0 -913.0,-935.0
-951.0,-979.0 -1021.0,-1163.0
-951.0,-979.0 -1083.0,-1101.0
-951.0,-945.0 -981.0,-873.0
-951.0,-945.0 -913.0,-985.0
-951.0,-945.0 -1083.0,-781.0
-983.0,-945.0 -725.0,-857.0
-983.0,-945.0 -907.0,-877.0
-983.0,-945.0 -981.0,-799.0
-983.0,-945.0 -783.0,-871.0
-983.0,-945.0 -815.0,-839.0
-983.0,-945.0 -393.0,-855.0
-983.0,-945.0 -789.0,-809.0
-983.0,-945.0 -1071.0,-1045.0
-983.0,-945.0 -1105.0,-1017.0
-983.0,-945.0 -913.0,-935.0
-983.0,-945.0 -1021.0,-1163.0
-983.0,-945.0 -1083.0,-1101.0
-983.0,-945.0 -545.0,-657.0
-731.0,-857.0 -305.0,-889.0
-725.0,-857.0 -407.0,-669.0
-725.0,-857.0 -783.0,-871.0
-725.0,-857.0 -393.0,-855.0
-725.0,-857.0 -349.0,-717.0
-725.0,-857.0 -219.0,-585.0
-725.0,-857.0 47.0,-527.0
-725.0,-857.0 -913.0,-935.0
-719.0,-853.0 -785.0,-971.0
-719.0,-853.0 -817.0,-939.0
-719.0,-853.0 -717.0,-697.0
-719.0,-853.0 -469.0,-605.0
-719.0,-853.0 -713.0,-489.0
-719.0,-853.0 -651.0,-531.0
-719.0,-853.0 -745.0,-921.0
-719.0,-853.0 -611.0,-657.0
-719.0,-853.0 -643.0,-625.0
-719.0,-853.0 -545.0,-657.0
-719.0,-853.0 -579.0,-625.0
-719.0,-853.0 -507.0,-621.0
-719.0,-853.0 -649.0,-579.0
-719.0,-853.0 -687.0,-697.0
-719.0,-853.0 -715.0,-681.0
-719.0,-825.0 -119.0,-1061.0
-719.0,-825.0 -109.0,-1051.0
-719.0,-825.0 -5.0,-1109.0
-719.0,-825.0 -555.0,-945.0
-719.0,-825.0 -935.0,-617.0
-719.0,-825.0 -1125.0,-423.0
-719.0,-825.0 -1061.0,-385.0
-719.0,-825.0 -433.0,-1027.0
-719.0,-825.0 -475.0,-979.0
-719.0,-825.0 -443.0,-947.0
-719.0,-825.0 -789.0,-775.0
-719.0,-825.0 -647.0,-973.0
-719.0,-825.0 -615.0,-939.0
-719.0,-825.0 -765.0,-757.0
-719.0,-825.0 -733.0,-725.0
-719.0,-825.0 -713.0,-921.0
-719.0,-825.0 -707.0,-997.0
-719.0,-825.0 -687.0,-975.0
-725.0,-823.0 -907.0,-799.0
-725.0,-823.0 -107.0,-965.0
-725.0,-823.0 -79.0,-937.0
-725.0,-823.0 -395.0,-855.0
-725.0,-823.0 -821.0,-809.0
-725.0,-823.0 -77.0,-1005.0
-725.0,-823.0 -67.0,-995.0
-725.0,-823.0 -305.0,-889.0
-745.0,-823.0 -815.0,-839.0
-745.0,-823.0 -349.0,-717.0
-751.0,-825.0 -787.0,-1053.0
-751.0,-825.0 -785.0,-971.0
-751.0,-825.0 -817.0,-939.0
-751.0,-825.0 -717.0,-697.0
-751.0,-825.0 -407.0,-669.0
-751.0,-825.0 -469.0,-605.0
-751.0,-825.0 -783.0,-871.0
-751.0,-825.0 -219.0,-585.0
-751.0,-825.0 -733.0,-757.0
-751.0,-825.0 47.0,-527.0
-751.0,-825.0 -611.0,-657.0
-751.0,-825.0 -643.0,-625.0
-751.0,-825.0 -545.0,-657.0
-751.0,-825.0 -579.0,-625.0
-751.0,-825.0 -687.0,-697.0
-751.0,-855.0 -555.0,-945.0
-751.0,-855.0 -1091.0,-665.0
-751.0,-855.0 -107.0,-965.0
-751.0,-855.0 -79.0,-937.0
-751.0,-855.0 -905.0,-765.0
-751.0,-855.0 -475.0,-979.0
-751.0,-855.0 -443.0,-947.0
-751.0,-855.0 -783.0,-839.0
-751.0,-855.0 -821.0,-809.0
-751.0,-855.0 -789.0,-775.0
-751.0,-855.0 -647.0,-973.0
-751.0,-855.0 -615.0,-939.0
-751.0,-855.0 -765.0,-757.0
-751.0,-855.0 -745.0,-953.0
-751.0,-855.0 -713.0,-921.0
-751.0,-855.0 -77.0,-1005.0
-751.0,-855.0 -67.0,-995.0
-751.0,-855.0 -777.0,-695.0
-751.0,-855.0 -821.0,-579.0
-751.0,-855.0 -1121.0,-655.0
-751.0,-855.0 -1021.0,-719.0
-75.0,-1145.0 -47.0,-1155.0
-75.0,-1145.0 -967.0,-651.0
-75.0,-1145.0 -439.0,-1023.0
-75.0,-1145.0 -475.0,-979.0
-75.0,-1145.0 -443.0,-947.0
-75.0,-1145.0 -395.0,-855.0
-75.0,-1145.0 -765.0,-757.0
-75.0,-1145.0 -733.0,-725.0
-75.0,-1145.0 -211.0,-1133.0
-75.0,-1145.0 -201.0,-1123.0
-75.0,-1145.0 -777.0,-695.0
-75.0,-1145.0 -643.0,-657.0
-75.0,-1145.0 -711.0,-617.0
-75.0,-1145.0 -689.0,-667.0
-75.0,-1145.0 -715.0,-695.0
-67.0,-1145.0 -363.0,-1159.0
-63.0,-1141.0 -47.0,-1107.0
-63.0,-1141.0 47.0,-527.0
-63.0,-1141.0 -23.0,-781.0
-63.0,-1141.0 -61.0,-743.0
-63.0,-1141.0 67.0,-851.0
-63.0,-1133.0 -119.0,-1061.0
-63.0,-1133.0 -109.0,-1051.0
-63.0,-1133.0 -47.0,-1155.0
-63.0,-1133.0 -171.0,-827.0
-63.0,-1133.0 -107.0,-965.0
-63.0,-1133.0 -251.0,-585.0
-63.0,-1133.0 -77.0,-1005.0
-63.0,-1133.0 -67.0,-995.0
-63.0,-1133.0 -305.0,-889.0
-63.0,-1133.0 -145.0,-891.0
-67.0,-1129.0 -589.0,-977.0
-67.0,-1129.0 -967.0,-651.0
-67.0,-1129.0 -461.0,-1079.0
-67.0,-1129.0 -439.0,-1023.0
-67.0,-1129.0 -875.0,-717.0
-67.0,-1129.0 -475.0,-979.0
-67.0,-1129.0 -443.0,-947.0
-67.0,-1129.0 -367.0,-1107.0
-67.0,-1129.0 -395.0,-855.0
-67.0,-1129.0 -789.0,-775.0
-67.0,-1129.0 -765.0,-757.0
-67.0,-1129.0 -733.0,-725.0
-67.0,-1129.0 -715.0,-1079.0
-67.0,-1129.0 -201.0,-1123.0
-67.0,-1129.0 -777.0,-695.0
-67.0,-1129.0 -643.0,-657.0
-67.0,-1129.0 -711.0,-617.0
-67.0,-1129.0 -689.0,-667.0
-67.0,-1129.0 -715.0,-695.0
-75.0,-1129.0 -47.0,-1107.0
-75.0,-1129.0 -363.0,-1159.0
-75.0,-1129.0 -201.0,-1133.0
-77.0,-1131.0 101.0,-883.0
-77.0,-1131.0 67.0,-851.0
-79.0,-1135.0 47.0,-527.0
-79.0,-1135.0 -23.0,-781.0
-79.0,-1135.0 -67.0,-1005.0
-79.0,-1135.0 -77.0,-995.0
-79.0,-1135.0 -77.0,-891.0
-79.0,-1139.0 -109.0,-1051.0
-79.0,-1139.0 -171.0,-827.0
-79.0,-1139.0 -107.0,-965.0
-79.0,-1139.0 -145.0,-891.0
-77.0,-1143.0 -119.0,-1061.0
-77.0,-1143.0 -233.0,-889.0
-77.0,-1143.0 -305.0,-889.0
-119.0,-1061.0 -5.0,-1109.0
-119.0,-1061.0 -589.0,-977.0
-119.0,-1061.0 -1127.0,-591.0
-119.0,-1061.0 -1063.0,-631.0
-119.0,-1061.0 -233.0,-889.0
-119.0,-1061.0 -171.0,-827.0
-119.0,-1061.0 -447.0,-1021.0
-119.0,-1061.0 -875.0,-717.0
-119.0,-1061.0 -475.0,-979.0
-119.0,-1061.0 -443.0,-947.0
-119.0,-1061.0 -395.0,-855.0
-119.0,-1061.0 -219.0,-553.0
-119.0,-1061.0 -789.0,-775.0
-119.0,-1061.0 -647.0,-973.0
-119.0,-1061.0 -765.0,-757.0
-119.0,-1061.0 -733.0,-725.0
-119.0,-1061.0 -777.0,-695.0
-119.0,-1061.0 -687.0,-975.0
-119.0,-1061.0 -305.0,-889.0
-119.0,-1061.0 -689.0,-667.0
-119.0,-1061.0 -715.0,-695.0
-119.0,-1061.0 -145.0,-891.0
-109.0,-1061.0 -79.0,-965.0
-109.0,-1061.0 -107.0,-937.0
-109.0,-1061.0 -443.0,-1079.0
-109.0,-1061.0 -363.0,-1159.0
-109.0,-1061.0 -379.0,-1107.0
-109.0,-1061.0 -201.0,-1133.0
-109.0,-1061.0 -211.0,-1123.0
-109.0,-1061.0 -67.0,-1005.0
-109.0,-1061.0 -77.0,-995.0
-109.0,-1061.0 67.0,-851.0
-109.0,-1051.0 -47.0,-1155.0
-109.0,-1051.0 -5.0,-1109.0
-109.0,-1051.0 -589.0,-977.0
-109.0,-1051.0 -935.0,-617.0
-109.0,-1051.0 -1063.0,-631.0
-109.0,-1051.0 -233.0,-889.0
-109.0,-1051.0 -171.0,-827.0
-109.0,-1051.0 -447.0,-1021.0
-109.0,-1051.0 -875.0,-717.0
-109.0,-1051.0 -475.0,-979.0
-109.0,-1051.0 -443.0,-947.0
-109.0,-1051.0 -395.0,-855.0
-109.0,-1051.0 -789.0,-775.0
-109.0,-1051.0 -647.0,-973.0
-109.0,-1051.0 -765.0,-757.0
-109.0,-1051.0 -733.0,-725.0
-109.0,-1051.0 -777.0,-695.0
-109.0,-1051.0 -821.0,-579.0
-109.0,-1051.0 -707.0,-997.0
-109.0,-1051.0 -687.0,-975.0
-109.0,-1051.0 -305.0,-889.0
-109.0,-1051.0 -689.0,-667.0
-109.0,-1051.0 -715.0,-695.0
-109.0,-1051.0 -145.0,-891.0
-119.0,-1051.0 -79.0,-965.0
-119.0,-1051.0 -107.0,-937.0
-119.0,-1051.0 -443.0,-1079.0
-119.0,-1051.0 -363.0,-1159.0
-119.0,-1051.0 -379.0,-1107.0
-119.0,-1051.0 -201.0,-1133.0
-119.0,-1051.0 -211.0,-1123.0
-119.0,-1051.0 -67.0,-1005.0
-119.0,-1051.0 -77.0,-995.0
-47.0,-1155.0 -171.0,-827.0
-47.0,-1155.0 -107.0,-965.0
-47.0,-1155.0 -439.0,-1023.0
-47.0,-1155.0 -61.0,-781.0
-47.0,-1155.0 -211.0,-1133.0
-47.0,-1155.0 -201.0,-1123.0
-47.0,-1155.0 -77.0,-1005.0
-47.0,-1155.0 -67.0,-995.0
-47.0,-1155.0 -145.0,-891.0
-47.0,-1155.0 -77.0,-823.0
-1.0,-1155.0 -363.0,-1159.0
-1.0,-1155.0 101.0,-883.0
-1.0,-1155.0 67.0,-851.0
1.0,-1145.0 47.0,-527.0
1.0,-1117.0 -79.0,-937.0
1.0,-1117.0 -61.0,-781.0
1.0,-1117.0 -23.0,-741.0
1.0,-1117.0 -77.0,-823.0
-1.0,-1113.0 -107.0,-965.0
-1.0,-1113.0 -77.0,-1005.0
-1.0,-1113.0 -67.0,-995.0
-5.0,-1109.0 -589.0,-977.0
-5.0,-1109.0 -233.0,-889.0
-5.0,-1109.0 -447.0,-1021.0
-5.0,-1109.0 -475.0,-979.0
-5.0,-1109.0 -443.0,-947.0
-5.0,-1109.0 -395.0,-855.0
-5.0,-1109.0 -647.0,-973.0
-5.0,-1109.0 -745.0,-953.0
-5.0,-1109.0 -821.0,-579.0
-5.0,-1109.0 -305.0,-889.0
-5.0,-1109.0 -689.0,-667.0
-5.0,-1109.0 -715.0,-695.0
-35.0,-1107.0 -461.0,-1079.0
-35.0,-1107.0 -715.0,-1079.0
-35.0,-1107.0 -1021.0,-1101.0
-47.0,-1107.0 47.0,-527.0
-47.0,-1107.0 -23.0,-781.0
-47.0,-1107.0 -201.0,-1133.0
-47.0,-1107.0 -211.0,-1123.0
-47.0,-1107.0 101.0,-883.0
-47.0,-1107.0 67.0,-851.0
-589.0,-977.0 -817.0,-971.0
-589.0,-977.0 -439.0,-1023.0
-589.0,-977.0 -473.0,-1073.0
-589.0,-977.0 -475.0,-979.0
-589.0,-977.0 -387.0,-1157.0
-589.0,-977.0 -647.0,-973.0
-589.0,-977.0 -615.0,-939.0
-589.0,-977.0 -733.0,-725.0
-589.0,-977.0 -609.0,-563.0
-589.0,-977.0 -77.0,-1005.0
-589.0,-977.0 -67.0,-995.0
-589.0,-977.0 -691.0,-395.0
-589.0,-977.0 -687.0,-975.0
-589.0,-977.0 -643.0,-657.0
-589.0,-977.0 -611.0,-625.0
-589.0,-977.0 -679.0,-585.0
-589.0,-977.0 -689.0,-667.0
-589.0,-977.0 -715.0,-695.0
-555.0,-977.0 -787.0,-1053.0
-555.0,-977.0 -819.0,-1019.0
-555.0,-977.0 -467.0,-441.0
-555.0,-977.0 -407.0,-669.0
-555.0,-977.0 -469.0,-605.0
-555.0,-977.0 -475.0,-947.0
-555.0,-977.0 -345.0,-827.0
-555.0,-977.0 -395.0,-745.0
-555.0,-977.0 -253.0,-777.0
-555.0,-977.0 -683.0,-1079.0
-555.0,-977.0 -715.0,-1045.0
-555.0,-977.0 -687.0,-997.0
-555.0,-977.0 -305.0,-827.0
-555.0,-977.0 -545.0,-657.0
-555.0,-977.0 -507.0,-621.0
-555.0,-977.0 -535.0,-619.0
-555.0,-945.0 -935.0,-617.0
-555.0,-945.0 -981.0,-873.0
-555.0,-945.0 -433.0,-1027.0
-555.0,-945.0 -479.0,-1065.0
-555.0,-945.0 -475.0,-979.0
-555.0,-945.0 -443.0,-947.0
-555.0,-945.0 -815.0,-871.0
-555.0,-945.0 -615.0,-939.0
-555.0,-945.0 -765.0,-757.0
-555.0,-945.0 -733.0,-725.0
-555.0,-945.0 -785.0,-465.0
-555.0,-945.0 -713.0,-455.0
-555.0,-945.0 -609.0,-563.0
-555.0,-945.0 -619.0,-535.0
-555.0,-945.0 -713.0,-921.0
-555.0,-945.0 -211.0,-1133.0
-555.0,-945.0 -201.0,-1123.0
-555.0,-945.0 -643.0,-657.0
-555.0,-945.0 -611.0,-625.0
-555.0,-945.0 -579.0,-657.0
-555.0,-945.0 -711.0,-617.0
-555.0,-945.0 -679.0,-585.0
-555.0,-945.0 -617.0,-579.0
-555.0,-945.0 -689.0,-667.0
-555.0,-945.0 -715.0,-695.0
-589.0,-945.0 -407.0,-669.0
-589.0,-945.0 -469.0,-605.0
-589.0,-945.0 -171.0,-889.0
-589.0,-945.0 -107.0,-937.0
-589.0,-945.0 -393.0,-855.0
-589.0,-945.0 -395.0,-745.0
-589.0,-945.0 -251.0,-553.0
-589.0,-945.0 -615.0,-973.0
-589.0,-945.0 -683.0,-1079.0
-589.0,-945.0 101.0,-883.0
-589.0,-945.0 -243.0,-889.0
-589.0,-945.0 -305.0,-827.0
-589.0,-945.0 -545.0,-657.0
-589.0,-945.0 -579.0,-625.0
-589.0,-945.0 -507.0,-621.0
-589.0,-945.0 -535.0,-619.0
-589.0,-945.0 -77.0,-891.0
-819.0,-1053.0 -907.0,-799.0
-819.0,-1053.0 -905.0,-765.0
-819.0,-1053.0 -849.0,-759.0
-819.0,-1053.0 -821.0,-809.0
-819.0,-1053.0 -1071.0,-1017.0
-819.0,-1053.0 -715.0,-1079.0
-819.0,-1053.0 -913.0,-985.0
-819.0,-1053.0 -863.0,-935.0
-787.0,-1053.0 -785.0,-971.0
-787.0,-1053.0 -407.0,-669.0
-787.0,-1053.0 -79.0,-965.0
-787.0,-1053.0 -107.0,-937.0
-787.0,-1053.0 -443.0,-979.0
-787.0,-1053.0 -615.0,-973.0
-787.0,-1053.0 -765.0,-725.0
-787.0,-1053.0 -715.0,-1045.0
-787.0,-1053.0 -713.0,-953.0
-787.0,-1053.0 -745.0,-921.0
-787.0,-1053.0 101.0,-883.0
-787.0,-1053.0 -777.0,-693.0
-787.0,-1053.0 -687.0,-997.0
-787.0,-1053.0 -707.0,-975.0
-787.0,-1019.0 -817.0,-971.0
-787.0,-1019.0 -461.0,-1079.0
-787.0,-1019.0 -447.0,-1021.0
-787.0,-1019.0 -367.0,-1107.0
-787.0,-1019.0 -1071.0,-1017.0
-787.0,-1019.0 -715.0,-1079.0
-787.0,-1019.0 -687.0,-1047.0
-787.0,-1019.0 -211.0,-1133.0
-787.0,-1019.0 -913.0,-985.0
-787.0,-1019.0 -863.0,-935.0
-819.0,-1019.0 -785.0,-971.0
-819.0,-1019.0 -817.0,-939.0
-819.0,-1019.0 -79.0,-965.0
-819.0,-1019.0 -443.0,-979.0
-819.0,-1019.0 -815.0,-839.0
-819.0,-1019.0 -647.0,-939.0
-819.0,-1019.0 -1071.0,-1045.0
-819.0,-1019.0 -713.0,-953.0
-819.0,-1019.0 -745.0,-921.0
-819.0,-1019.0 -67.0,-1005.0
-819.0,-1019.0 -77.0,-995.0
-819.0,-1019.0 -687.0,-997.0
-819.0,-1019.0 -707.0,-975.0
-967.0,-651.0 -817.0,-971.0
-967.0,-651.0 -907.0,-799.0
-967.0,-651.0 -1127.0,-591.0
-967.0,-651.0 -1041.0,-543.0
-967.0,-651.0 -1041.0,-421.0
-967.0,-651.0 -1063.0,-631.0
-967.0,-651.0 -719.0,-667.0
-967.0,-651.0 -469.0,-669.0
-967.0,-651.0 -905.0,-765.0
-967.0,-651.0 -875.0,-717.0
-967.0,-651.0 -475.0,-979.0
-967.0,-651.0 -443.0,-947.0
-967.0,-651.0 -789.0,-775.0
-967.0,-651.0 -765.0,-757.0
-967.0,-651.0 -733.0,-725.0
-967.0,-651.0 -749.0,-667.0
-967.0,-651.0 -777.0,-695.0
-967.0,-651.0 -1209.0,-597.0
-967.0,-651.0 -643.0,-657.0
-967.0,-651.0 -689.0,-667.0
-935.0,-651.0 -981.0,-799.0
-935.0,-651.0 -1141.0,-739.0
-935.0,-651.0 -1063.0,-665.0
-935.0,-651.0 -467.0,-441.0
-935.0,-651.0 -1107.0,-1163.0
-935.0,-651.0 -1169.0,-1101.0
-935.0,-651.0 -785.0,-497.0
-935.0,-651.0 -817.0,-465.0
-935.0,-651.0 -1071.0,-1045.0
-935.0,-651.0 -1105.0,-1017.0
-935.0,-651.0 -651.0,-531.0
-935.0,-651.0 -789.0,-579.0
-935.0,-651.0 -821.0,-547.0
-935.0,-651.0 -1083.0,-1101.0
-935.0,-651.0 -1121.0,-689.0
-935.0,-651.0 -583.0,-489.0
-935.0,-651.0 -643.0,-625.0
-935.0,-651.0 -1021.0,-781.0
-935.0,-651.0 -1083.0,-719.0
-935.0,-651.0 -683.0,-617.0
-935.0,-651.0 -711.0,-585.0
-935.0,-651.0 -617.0,-611.0
-935.0,-651.0 -1205.0,-1147.0
-935.0,-651.0 -1251.0,-721.0
-935.0,-651.0 -823.0,-391.0
-935.0,-617.0 -907.0,-799.0
-935.0,-617.0 -1127.0,-591.0
-935.0,-617.0 -1041.0,-543.0
-935.0,-617.0 -1125.0,-423.0
-935.0,-617.0 -1041.0,-421.0
-935.0,-617.0 -1203.0,-411.0
-935.0,-617.0 -719.0,-667.0
-935.0,-617.0 -905.0,-765.0
-935.0,-617.0 -871.0,-721.0
-935.0,-617.0 -345.0,-717.0
-935.0,-617.0 -789.0,-775.0
-935.0,-617.0 -765.0,-757.0
-935.0,-617.0 -733.0,-725.0
-935.0,-617.0 -749.0,-667.0
-935.0,-617.0 -777.0,-695.0
-935.0,-617.0 -1209.0,-597.0
-935.0,-617.0 -643.0,-657.0
-935.0,-617.0 -611.0,-625.0
-935.0,-617.0 -545.0,-625.0
-935.0,-617.0 -535.0,-621.0
-935.0,-617.0 -689.0,-667.0
-967.0,-617.0 -981.0,-799.0
-967.0,-617.0 -1141.0,-739.0
-967.0,-617.0 -1063.0,-665.0
-967.0,-617.0 -1091.0,-631.0
-967.0,-617.0 -785.0,-497.0
-967.0,-617.0 -817.0,-465.0
-967.0,-617.0 -713.0,-489.0
-967.0,-617.0 -1071.0,-1045.0
-967.0,-617.0 -577.0,-563.0
-967.0,-617.0 -619.0,-563.0
-967.0,-617.0 -789.0,-579.0
-967.0,-617.0 -821.0,-547.0
-967.0,-617.0 -1021.0,-1163.0
-967.0,-617.0 -1083.0,-1101.0
-967.0,-617.0 -1209.0,-629.0
-967.0,-617.0 -1021.0,-781.0
-967.0,-617.0 -1083.0,-719.0
-967.0,-617.0 -711.0,-585.0
-967.0,-617.0 -1237.0,-641.0
-967.0,-617.0 -789.0,-423.0
-967.0,-617.0 -823.0,-391.0
-817.0,-971.0 -907.0,-799.0
-817.0,-971.0 -1037.0,-549.0
-817.0,-971.0 -461.0,-1079.0
-817.0,-971.0 -905.0,-765.0
-817.0,-971.0 -849.0,-759.0
-817.0,-971.0 -383.0,-1159.0
-817.0,-971.0 -821.0,-809.0
-817.0,-971.0 -647.0,-973.0
-817.0,-971.0 -715.0,-1079.0
-817.0,-971.0 -683.0,-1049.0
-817.0,-971.0 -863.0,-935.0
-817.0,-971.0 -707.0,-997.0
-817.0,-971.0 -687.0,-975.0
-785.0,-971.0 -1169.0,-1101.0
-785.0,-971.0 -783.0,-871.0
-785.0,-971.0 -647.0,-939.0
-785.0,-971.0 -765.0,-725.0
-785.0,-971.0 -1071.0,-1045.0
-785.0,-971.0 -713.0,-953.0
-785.0,-971.0 -745.0,-921.0
-785.0,-971.0 -777.0,-693.0
-785.0,-971.0 -863.0,-985.0
-785.0,-971.0 -1083.0,-1101.0
-785.0,-971.0 -545.0,-657.0
-785.0,-971.0 -579.0,-625.0
-785.0,-971.0 -507.0,-621.0
-785.0,-971.0 -1237.0,-1115.0
-785.0,-939.0 -907.0,-799.0
-785.0,-939.0 -981.0,-873.0
-785.0,-939.0 -905.0,-765.0
-785.0,-939.0 -815.0,-871.0
-785.0,-939.0 -715.0,-1079.0
-785.0,-939.0 -683.0,-1049.0
-785.0,-939.0 -745.0,-953.0
-785.0,-939.0 -863.0,-935.0
-785.0,-939.0 -707.0,-997.0
-785.0,-939.0 -687.0,-975.0
-817.0,-939.0 -407.0,-669.0
-817.0,-939.0 -783.0,-871.0
-817.0,-939.0 -815.0,-839.0
-817.0,-939.0 -349.0,-717.0
-817.0,-939.0 -219.0,-585.0
-817.0,-939.0 -745.0,-921.0
-817.0,-939.0 47.0,-527.0
-817.0,-939.0 -863.0,-985.0
-817.0,-939.0 -643.0,-625.0
-817.0,-939.0 -687.0,-697.0
-939.0,-877.0 -79.0,-937.0
-939.0,-877.0 -305.0,-889.0
-907.0,-877.0 -407.0,-669.0
-907.0,-877.0 -849.0,-765.0
-907.0,-877.0 -905.0,-763.0
-907.0,-877.0 -783.0,-871.0
-907.0,-877.0 -815.0,-839.0
-907.0,-877.0 -393.0,-855.0
-907.0,-877.0 -789.0,-809.0
-907.0,-877.0 -821.0,-775.0
-907.0,-877.0 -1105.0,-1017.0
-907.0,-877.0 -769.0,-667.0
-907.0,-877.0 -913.0,-935.0
-907.0,-877.0 -1021.0,-1163.0
-907.0,-877.0 -631.0,-441.0
-907.0,-799.0 -1037.0,-549.0
-907.0,-799.0 -1091.0,-665.0
-907.0,-799.0 -1063.0,-631.0
-907.0,-799.0 -815.0,-871.0
-907.0,-799.0 -783.0,-839.0
-907.0,-799.0 -821.0,-809.0
-907.0,-799.0 -683.0,-1049.0
-907.0,-799.0 -745.0,-953.0
-907.0,-799.0 -863.0,-935.0
-907.0,-799.0 -707.0,-997.0
-907.0,-799.0 -1083.0,-781.0
-907.0,-799.0 -1021.0,-719.0
-907.0,-799.0 -1251.0,-777.0
-981.0,-799.0 -1107.0,-1163.0
-981.0,-799.0 -1169.0,-1101.0
-981.0,-799.0 -849.0,-765.0
-981.0,-799.0 -877.0,-717.0
-981.0,-799.0 -821.0,-775.0
-981.0,-799.0 -733.0,-757.0
-981.0,-799.0 -817.0,-465.0
-981.0,-799.0 -1071.0,-1045.0
-981.0,-799.0 -1105.0,-1017.0
-981.0,-799.0 -651.0,-531.0
-981.0,-799.0 -789.0,-579.0
-981.0,-799.0 -821.0,-547.0
-981.0,-799.0 -1021.0,-1163.0
-981.0,-799.0 -1083.0,-1101.0
-981.0,-799.0 -631.0,-441.0
-981.0,-799.0 -711.0,-585.0
-981.0,-799.0 -1205.0,-1147.0
-981.0,-799.0 -1237.0,-1115.0
-981.0,-799.0 -823.0,-391.0
-981.0,-873.0 -1035.0,-555.0
-981.0,-873.0 -1041.0,-421.0
-981.0,-873.0 -107.0,-965.0
-981.0,-873.0 -443.0,-947.0
-981.0,-873.0 -713.0,-921.0
-981.0,-873.0 -67.0,-995.0
-981.0,-873.0 -913.0,-985.0
-981.0,-873.0 -863.0,-935.0
-981.0,-873.0 -1083.0,-781.0
-981.0,-873.0 -1021.0,-719.0
-1127.0,-591.0 -765.0,-757.0
-1127.0,-591.0 -611.0,-625.0
-1127.0,-591.0 -711.0,-617.0
-1103.0,-591.0 -359.0,-563.0
-1103.0,-591.0 -789.0,-579.0
-1103.0,-591.0 -821.0,-547.0
-1103.0,-591.0 -1241.0,-597.0
-1103.0,-591.0 -583.0,-489.0
-1103.0,-591.0 -711.0,-585.0
-1103.0,-591.0 -649.0,-579.0
-1051.0,-579.0 -785.0,-497.0
-1051.0,-579.0 -817.0,-465.0
-1051.0,-579.0 -713.0,-489.0
-1051.0,-579.0 -1209.0,-629.0
-1051.0,-579.0 -1237.0,-641.0
-1047.0,-577.0 -735.0,-395.0
-1047.0,-577.0 -1153.0,-655.0
-1047.0,-577.0 -1205.0,-673.0
-1047.0,-577.0 -1251.0,-721.0
-1047.0,-577.0 -789.0,-423.0
-1047.0,-577.0 -823.0,-391.0
-1037.0,-567.0 -1063.0,-665.0
-1037.0,-567.0 -1091.0,-631.0
-1035.0,-555.0 -1041.0,-421.0
-1035.0,-555.0 -1021.0,-719.0
-1037.0,-549.0 -905.0,-765.0
-1041.0,-543.0 -1125.0,-423.0
-1041.0,-543.0 -1203.0,-411.0
-1047.0,-539.0 -1235.0,-443.0
-1047.0,-539.0 -733.0,-725.0
-1047.0,-539.0 -777.0,-695.0
-1051.0,-537.0 -719.0,-667.0
-1051.0,-537.0 -749.0,-667.0
-1051.0,-537.0 -689.0,-667.0
-1057.0,-535.0 -643.0,-657.0
-1065.0,-533.0 -821.0,-579.0
-1065.0,-533.0 -789.0,-547.0
-1065.0,-533.0 -711.0,-617.0
-1081.0,-533.0 -419.0,-489.0
-1081.0,-533.0 -391.0,-529.0
-1081.0,-533.0 -785.0,-497.0
-1081.0,-533.0 -713.0,-489.0
-1081.0,-533.0 -651.0,-531.0
-1081.0,-533.0 -583.0,-489.0
-1105.0,-537.0 -711.0,-435.0
-1111.0,-539.0 -1241.0,-597.0
-1111.0,-539.0 -789.0,-423.0
-1127.0,-549.0 -1209.0,-629.0
-1135.0,-559.0 -1041.0,-423.0
-1135.0,-559.0 -1205.0,-673.0
-1137.0,-563.0 -1153.0,-655.0
-1137.0,-563.0 -1237.0,-1115.0
-1137.0,-563.0 -1195.0,-777.0
-1137.0,-581.0 -1097.0,-739.0
-1137.0,-581.0 -1145.0,-389.0
-1137.0,-581.0 -1203.0,-411.0
-1137.0,-581.0 -1121.0,-655.0
-1137.0,-581.0 -1083.0,-781.0
-1135.0,-585.0 -1091.0,-665.0
-1135.0,-585.0 -1235.0,-443.0
-1131.0,-589.0 -1063.0,-631.0
-1121.0,-777.0 -1083.0,-781.0
-1121.0,-777.0 -1237.0,-673.0
-1121.0,-777.0 -1205.0,-641.0
-1121.0,-777.0 -1195.0,-721.0
-1117.0,-777.0 -1083.0,-719.0
-1097.0,-741.0 -1063.0,-665.0
-1097.0,-741.0 -1091.0,-631.0
-1097.0,-739.0 -1153.0,-689.0
-1097.0,-739.0 -1121.0,-655.0
-1097.0,-739.0 -1083.0,-781.0
-1097.0,-739.0 -1237.0,-673.0
-1097.0,-739.0 -1195.0,-721.0
-1141.0,-739.0 -1063.0,-665.0
-1141.0,-739.0 -1091.0,-631.0
-1141.0,-739.0 -817.0,-465.0
-1141.0,-739.0 -651.0,-531.0
-1141.0,-739.0 -735.0,-395.0
-1141.0,-739.0 -1121.0,-689.0
-1141.0,-739.0 -1083.0,-719.0
-1141.0,-739.0 -711.0,-585.0
-1141.0,-739.0 -1195.0,-777.0
-1141.0,-739.0 -789.0,-423.0
-1141.0,-741.0 -1235.0,-443.0
-1141.0,-741.0 -1153.0,-689.0
-1141.0,-741.0 -1209.0,-597.0
-1125.0,-423.0 -1203.0,-411.0
-1125.0,-423.0 -719.0,-667.0
-1125.0,-423.0 -765.0,-757.0
-1125.0,-423.0 -749.0,-667.0
-1125.0,-423.0 -777.0,-695.0
-1125.0,-423.0 -821.0,-579.0
-1125.0,-423.0 -789.0,-547.0
-1125.0,-423.0 -679.0,-585.0
-1125.0,-423.0 -689.0,-667.0
-1041.0,-423.0 -1203.0,-443.0
-1041.0,-423.0 -1209.0,-629.0
-1041.0,-423.0 -1241.0,-597.0
-1041.0,-421.0 -1021.0,-719.0
-1061.0,-385.0 -849.0,-759.0
-1061.0,-385.0 -789.0,-775.0
-1061.0,-385.0 -765.0,-757.0
-1061.0,-385.0 -713.0,-455.0
-1061.0,-385.0 -777.0,-695.0
-1061.0,-385.0 -823.0,-423.0
-1061.0,-385.0 -789.0,-391.0
-1145.0,-387.0 -1203.0,-443.0
-1145.0,-387.0 -1235.0,-411.0
-1145.0,-387.0 -1153.0,-655.0
-1145.0,-387.0 -1209.0,-629.0
-1145.0,-387.0 -1241.0,-597.0
-1145.0,-387.0 -1205.0,-673.0
-1145.0,-387.0 -1205.0,-1147.0
-1145.0,-387.0 -1237.0,-1115.0
-1145.0,-387.0 -1195.0,-777.0
-1091.0,-665.0 -1235.0,-443.0
-1091.0,-665.0 -719.0,-667.0
-1091.0,-665.0 -905.0,-765.0
-1091.0,-665.0 -875.0,-717.0
-1091.0,-665.0 -783.0,-839.0
-1091.0,-665.0 -733.0,-725.0
-1091.0,-665.0 -1071.0,-1017.0
-1091.0,-665.0 -757.0,-697.0
-1091.0,-665.0 -749.0,-667.0
-1091.0,-665.0 -1121.0,-655.0
-1091.0,-665.0 -1209.0,-597.0
-1091.0,-665.0 -1083.0,-781.0
-1091.0,-665.0 -1021.0,-719.0
-1091.0,-665.0 -689.0,-667.0
-1063.0,-665.0 -785.0,-497.0
-1063.0,-665.0 -817.0,-465.0
-1063.0,-665.0 -713.0,-489.0
-1063.0,-665.0 -735.0,-395.0
-1063.0,-665.0 -1121.0,-689.0
-1063.0,-665.0 -611.0,-657.0
-1063.0,-665.0 -643.0,-625.0
-1063.0,-665.0 -545.0,-657.0
-1063.0,-665.0 -1083.0,-719.0
-1063.0,-665.0 -1195.0,-777.0
-1063.0,-665.0 -789.0,-423.0
-1063.0,-665.0 -823.0,-391.0
-1063.0,-631.0 -905.0,-765.0
-1063.0,-631.0 -875.0,-717.0
-1063.0,-631.0 -815.0,-871.0
-1063.0,-631.0 -765.0,-757.0
-1063.0,-631.0 -733.0,-725.0
-1063.0,-631.0 -745.0,-953.0
-1063.0,-631.0 -777.0,-695.0
-1063.0,-631.0 -707.0,-997.0
-1063.0,-631.0 -1241.0,-629.0
-1063.0,-631.0 -1209.0,-597.0
-1063.0,-631.0 -1021.0,-719.0
-1091.0,-631.0 -785.0,-497.0
-1091.0,-631.0 -817.0,-465.0
-1091.0,-631.0 -713.0,-489.0
-1091.0,-631.0 -577.0,-563.0
-1091.0,-631.0 -619.0,-563.0
-1091.0,-631.0 -735.0,-395.0
-1091.0,-631.0 -789.0,-579.0
-1091.0,-631.0 -821.0,-547.0
-1091.0,-631.0 -1121.0,-689.0
-1091.0,-631.0 -1153.0,-655.0
-1091.0,-631.0 -711.0,-585.0
-1091.0,-631.0 -1205.0,-673.0
-1091.0,-631.0 -1237.0,-641.0
-1091.0,-631.0 -789.0,-423.0
-1091.0,-631.0 -823.0,-391.0
-1235.0,-443.0 -719.0,-667.0
-1235.0,-443.0 -817.0,-497.0
-1235.0,-443.0 -589.0,-531.0
-1235.0,-443.0 -651.0,-563.0
-1235.0,-443.0 -621.0,-531.0
-1235.0,-443.0 -749.0,-667.0
-1235.0,-443.0 -821.0,-579.0
-1235.0,-443.0 -789.0,-547.0
-1235.0,-443.0 -1153.0,-689.0
-1235.0,-443.0 -1121.0,-655.0
-1235.0,-443.0 -1209.0,-597.0
-1235.0,-443.0 -643.0,-657.0
-1235.0,-443.0 -519.0,-595.0
-1235.0,-443.0 -711.0,-617.0
-1235.0,-443.0 -617.0,-579.0
-1235.0,-443.0 -689.0,-667.0
-1203.0,-443.0 -1209.0,-629.0
-1203.0,-443.0 -1241.0,-597.0
-1203.0,-443.0 -1205.0,-673.0
-1203.0,-411.0 -719.0,-667.0
-1203.0,-411.0 -1169.0,-1163.0
-1203.0,-411.0 -733.0,-725.0
-1203.0,-411.0 -651.0,-563.0
-1203.0,-411.0 -749.0,-667.0
-1203.0,-411.0 -777.0,-695.0
-1203.0,-411.0 -821.0,-579.0
-1203.0,-411.0 -789.0,-547.0
-1203.0,-411.0 -1153.0,-689.0
-1203.0,-411.0 -1121.0,-655.0
-1203.0,-411.0 -617.0,-579.0
-1203.0,-411.0 -1195.0,-721.0
-1203.0,-411.0 -689.0,-667.0
-1235.0,-411.0 -1241.0,-597.0
-1235.0,-411.0 -1251.0,-721.0
-727.0,-697.0 -345.0,-717.0
-717.0,-697.0 -849.0,-765.0
-717.0,-697.0 -877.0,-717.0
-717.0,-697.0 -733.0,-757.0
-717.0,-697.0 -765.0,-725.0
-717.0,-697.0 -713.0,-489.0
-717.0,-697.0 -1083.0,-719.0
-717.0,-697.0 -711.0,-585.0
-717.0,-697.0 -1251.0,-721.0
-717.0,-697.0 -715.0,-681.0
-717.0,-693.0 -713.0,-921.0
-717.0,-693.0 -707.0,-997.0
-719.0,-667.0 -817.0,-497.0
-719.0,-667.0 -785.0,-465.0
-719.0,-667.0 -745.0,-489.0
-719.0,-667.0 -821.0,-579.0
-719.0,-667.0 -789.0,-547.0
-719.0,-667.0 -687.0,-975.0
-719.0,-667.0 -789.0,-391.0
-719.0,-667.0 -715.0,-695.0
-739.0,-667.0 -611.0,-657.0
-739.0,-667.0 -643.0,-625.0
-739.0,-667.0 -545.0,-657.0
-739.0,-667.0 -511.0,-563.0
-739.0,-667.0 -683.0,-617.0
-739.0,-667.0 -617.0,-611.0
-745.0,-681.0 -691.0,-401.0
-745.0,-681.0 -711.0,-585.0
-445.0,-489.0 -359.0,-529.0
-445.0,-489.0 -219.0,-553.0
-445.0,-489.0 47.0,-589.0
-445.0,-489.0 109.0,-527.0
-445.0,-489.0 -555.0,-451.0
-445.0,-489.0 -523.0,-419.0
-419.0,-489.0 -469.0,-605.0
-419.0,-489.0 -647.0,-939.0
-419.0,-489.0 -785.0,-497.0
-419.0,-489.0 -609.0,-531.0
-419.0,-489.0 -651.0,-531.0
-419.0,-489.0 -713.0,-953.0
-419.0,-489.0 -359.0,-451.0
-419.0,-489.0 -391.0,-419.0
-419.0,-489.0 -821.0,-547.0
-419.0,-489.0 -687.0,-997.0
-419.0,-489.0 -707.0,-975.0
-419.0,-489.0 -579.0,-625.0
-419.0,-489.0 -511.0,-563.0
-419.0,-489.0 -543.0,-531.0
-419.0,-489.0 -507.0,-621.0
-419.0,-489.0 -521.0,-595.0
-419.0,-441.0 -407.0,-605.0
-419.0,-441.0 -391.0,-563.0
-419.0,-441.0 -359.0,-529.0
-419.0,-441.0 -251.0,-585.0
-419.0,-441.0 -219.0,-553.0
-419.0,-441.0 -391.0,-451.0
-419.0,-441.0 -61.0,-781.0
-419.0,-441.0 -523.0,-419.0
-419.0,-441.0 -77.0,-823.0
-467.0,-441.0 -469.0,-605.0
-467.0,-441.0 -481.0,-1039.0
-467.0,-441.0 -475.0,-947.0
-467.0,-441.0 -577.0,-563.0
-467.0,-441.0 -609.0,-531.0
-467.0,-441.0 -651.0,-531.0
-467.0,-441.0 -391.0,-419.0
-467.0,-441.0 -789.0,-579.0
-467.0,-441.0 -583.0,-489.0
-467.0,-441.0 -523.0,-451.0
-467.0,-441.0 -511.0,-563.0
-467.0,-441.0 -543.0,-531.0
-467.0,-441.0 -507.0,-621.0
-467.0,-441.0 -1083.0,-719.0
-467.0,-441.0 -617.0,-611.0
-467.0,-467.0 -407.0,-605.0
-467.0,-467.0 -391.0,-563.0
-467.0,-467.0 -345.0,-717.0
-467.0,-467.0 -309.0,-777.0
-467.0,-467.0 -279.0,-729.0
-469.0,-669.0 -423.0,-1047.0
-469.0,-669.0 -443.0,-947.0
-469.0,-669.0 -347.0,-1125.0
-469.0,-669.0 -399.0,-1141.0
-469.0,-669.0 -395.0,-855.0
-469.0,-669.0 -345.0,-717.0
-469.0,-669.0 -279.0,-729.0
-469.0,-669.0 -61.0,-781.0
-469.0,-669.0 -23.0,-741.0
-469.0,-669.0 -523.0,-419.0
-469.0,-669.0 -643.0,-657.0
-469.0,-669.0 -579.0,-657.0
-469.0,-669.0 -545.0,-625.0
-469.0,-669.0 -511.0,-535.0
-469.0,-669.0 -535.0,-621.0
-469.0,-669.0 -519.0,-595.0
-469.0,-669.0 -617.0,-579.0
-469.0,-669.0 -689.0,-667.0
-407.0,-669.0 -359.0,-563.0
-407.0,-669.0 -391.0,-529.0
-407.0,-669.0 -423.0,-1055.0
-407.0,-669.0 -877.0,-717.0
-407.0,-669.0 -443.0,-979.0
-407.0,-669.0 -475.0,-947.0
-407.0,-669.0 -815.0,-839.0
-407.0,-669.0 -219.0,-585.0
-407.0,-669.0 -251.0,-553.0
-407.0,-669.0 -789.0,-809.0
-407.0,-669.0 -615.0,-973.0
-407.0,-669.0 -647.0,-939.0
-407.0,-669.0 -733.0,-757.0
-407.0,-669.0 -765.0,-725.0
-407.0,-669.0 -683.0,-1079.0
-407.0,-669.0 -713.0,-953.0
-407.0,-669.0 -745.0,-921.0
-407.0,-669.0 47.0,-527.0
-407.0,-669.0 -391.0,-419.0
-407.0,-669.0 -707.0,-975.0
-407.0,-669.0 -687.0,-697.0
-407.0,-605.0 -171.0,-827.0
-407.0,-605.0 -399.0,-1141.0
-407.0,-605.0 -395.0,-855.0
-407.0,-605.0 -345.0,-717.0
-407.0,-605.0 -309.0,-777.0
-407.0,-605.0 -279.0,-729.0
-407.0,-605.0 -609.0,-563.0
-407.0,-605.0 -651.0,-563.0
-407.0,-605.0 -61.0,-781.0
-407.0,-605.0 -23.0,-741.0
-407.0,-605.0 67.0,-883.0
-407.0,-605.0 -789.0,-547.0
-407.0,-605.0 -583.0,-441.0
-407.0,-605.0 -555.0,-451.0
-407.0,-605.0 -523.0,-419.0
-407.0,-605.0 -543.0,-563.0
-407.0,-605.0 -513.0,-533.0
-407.0,-605.0 -519.0,-595.0
-407.0,-605.0 -617.0,-579.0
-407.0,-605.0 -77.0,-823.0
-469.0,-605.0 -359.0,-563.0
-469.0,-605.0 -391.0,-529.0
-469.0,-605.0 -481.0,-1039.0
-469.0,-605.0 -475.0,-947.0
-469.0,-605.0 -219.0,-585.0
-469.0,-605.0 -251.0,-553.0
-469.0,-605.0 -615.0,-973.0
-469.0,-605.0 -647.0,-939.0
-469.0,-605.0 -713.0,-953.0
-469.0,-605.0 -745.0,-921.0
-469.0,-605.0 109.0,-589.0
-469.0,-605.0 -359.0,-451.0
-469.0,-605.0 -687.0,-997.0
-469.0,-605.0 -707.0,-975.0
-469.0,-605.0 -545.0,-657.0
-469.0,-605.0 -507.0,-621.0
-391.0,-563.0 -171.0,-827.0
-391.0,-563.0 -345.0,-717.0
-391.0,-563.0 -251.0,-585.0
-391.0,-563.0 -309.0,-777.0
-391.0,-563.0 -279.0,-729.0
-391.0,-563.0 -713.0,-455.0
-391.0,-563.0 -61.0,-781.0
-391.0,-563.0 -23.0,-741.0
-391.0,-563.0 67.0,-883.0
-391.0,-563.0 -609.0,-489.0
-391.0,-563.0 -583.0,-441.0
-391.0,-563.0 -555.0,-451.0
-391.0,-563.0 -523.0,-419.0
-391.0,-563.0 -513.0,-533.0
-391.0,-563.0 -77.0,-823.0
-359.0,-563.0 -443.0,-979.0
-359.0,-563.0 -475.0,-947.0
-359.0,-563.0 -395.0,-745.0
-359.0,-563.0 -251.0,-553.0
-359.0,-563.0 -789.0,-579.0
-359.0,-563.0 -1241.0,-597.0
-359.0,-563.0 -521.0,-595.0
-359.0,-563.0 -617.0,-611.0
-359.0,-563.0 -649.0,-579.0
-359.0,-529.0 -171.0,-827.0
-359.0,-529.0 -345.0,-717.0
-359.0,-529.0 -251.0,-585.0
-359.0,-529.0 -219.0,-553.0
-359.0,-529.0 -817.0,-497.0
-359.0,-529.0 -309.0,-777.0
-359.0,-529.0 -253.0,-775.0
-359.0,-529.0 -745.0,-489.0
-359.0,-529.0 47.0,-589.0
-359.0,-529.0 -391.0,-451.0
-359.0,-529.0 -61.0,-781.0
-359.0,-529.0 -23.0,-741.0
-359.0,-529.0 -305.0,-889.0
-359.0,-529.0 -609.0,-489.0
-359.0,-529.0 -583.0,-441.0
-359.0,-529.0 -555.0,-451.0
-359.0,-529.0 -77.0,-823.0
-391.0,-529.0 -423.0,-1055.0
-391.0,-529.0 -395.0,-745.0
-391.0,-529.0 -609.0,-531.0
-391.0,-529.0 -651.0,-531.0
-391.0,-529.0 47.0,-527.0
-391.0,-529.0 -359.0,-451.0
-391.0,-529.0 -769.0,-667.0
-391.0,-529.0 -643.0,-625.0
-391.0,-529.0 -545.0,-657.0
-391.0,-529.0 -511.0,-563.0
-391.0,-529.0 -543.0,-531.0
-391.0,-529.0 -507.0,-621.0
-391.0,-529.0 -521.0,-595.0
-391.0,-529.0 -617.0,-611.0
-233.0,-889.0 -107.0,-965.0
-233.0,-889.0 -79.0,-937.0
-233.0,-889.0 -251.0,-585.0
-233.0,-889.0 -211.0,-1133.0
-233.0,-889.0 -201.0,-1123.0
-233.0,-889.0 -77.0,-1005.0
-233.0,-889.0 -67.0,-995.0
-233.0,-889.0 -243.0,-827.0
-233.0,-889.0 -145.0,-891.0
-171.0,-889.0 -433.0,-1073.0
-171.0,-889.0 -465.0,-1023.0
-171.0,-889.0 -443.0,-979.0
-171.0,-889.0 -475.0,-947.0
-171.0,-889.0 -353.0,-1153.0
-171.0,-889.0 -393.0,-1115.0
-171.0,-889.0 -647.0,-939.0
-171.0,-889.0 -683.0,-1079.0
-171.0,-889.0 -745.0,-921.0
-171.0,-889.0 -201.0,-1133.0
-171.0,-889.0 -211.0,-1123.0
-171.0,-889.0 -145.0,-823.0
-171.0,-827.0 -251.0,-585.0
-171.0,-827.0 -219.0,-553.0
-171.0,-827.0 -309.0,-777.0
-171.0,-827.0 -279.0,-729.0
-171.0,-827.0 -391.0,-451.0
-171.0,-827.0 -359.0,-419.0
-171.0,-827.0 -555.0,-451.0
-171.0,-827.0 -523.0,-419.0
-171.0,-827.0 -145.0,-891.0
-233.0,-827.0 -219.0,-585.0
-233.0,-827.0 47.0,-527.0
-233.0,-827.0 -23.0,-781.0
-233.0,-827.0 -61.0,-743.0
-233.0,-827.0 -243.0,-889.0
-233.0,-827.0 -145.0,-823.0
-107.0,-965.0 -443.0,-947.0
-107.0,-965.0 -815.0,-871.0
-107.0,-965.0 -395.0,-855.0
-107.0,-965.0 -789.0,-775.0
-107.0,-965.0 -765.0,-757.0
-107.0,-965.0 -713.0,-921.0
-107.0,-965.0 -77.0,-1005.0
-107.0,-965.0 -67.0,-995.0
-107.0,-965.0 -305.0,-889.0
-107.0,-965.0 -145.0,-891.0
-79.0,-965.0 -443.0,-1079.0
-79.0,-965.0 -459.0,-1021.0
-79.0,-965.0 -443.0,-979.0
-79.0,-965.0 -355.0,-1155.0
-79.0,-965.0 -385.0,-1109.0
-79.0,-965.0 -715.0,-1045.0
-79.0,-965.0 -23.0,-781.0
-79.0,-965.0 -61.0,-743.0
-79.0,-965.0 -201.0,-1133.0
-79.0,-965.0 -211.0,-1123.0
-79.0,-965.0 101.0,-883.0
-79.0,-965.0 67.0,-851.0
-79.0,-965.0 -687.0,-997.0
-79.0,-965.0 -77.0,-891.0
-79.0,-937.0 -815.0,-871.0
-79.0,-937.0 -713.0,-921.0
-79.0,-937.0 -77.0,-1005.0
-79.0,-937.0 -67.0,-995.0
-79.0,-937.0 -305.0,-889.0
-79.0,-937.0 -145.0,-891.0
-107.0,-937.0 -443.0,-1079.0
-107.0,-937.0 -459.0,-1021.0
-107.0,-937.0 -443.0,-979.0
-107.0,-937.0 -475.0,-947.0
-107.0,-937.0 -355.0,-1155.0
-107.0,-937.0 -385.0,-1109.0
-107.0,-937.0 -647.0,-939.0
-107.0,-937.0 -715.0,-1045.0
-107.0,-937.0 -201.0,-1133.0
-107.0,-937.0 -211.0,-1123.0
-107.0,-937.0 101.0,-883.0
-107.0,-937.0 67.0,-851.0
-107.0,-937.0 -77.0,-891.0
-1169.0,-1163.0 -1237.0,-1147.0
-1169.0,-1163.0 -1205.0,-1115.0
-1169.0,-1163.0 -1251.0,-777.0
-1169.0,-1163.0 -1195.0,-721.0
-1107.0,-1163.0 -1071.0,-1045.0
-1107.0,-1163.0 -1105.0,-1017.0
-1107.0,-1163.0 -1083.0,-1101.0
-1107.0,-1101.0 -1083.0,-1163.0
-1107.0,-1101.0 -1251.0,-777.0
-1169.0,-1101.0 -443.0,-1079.0
-1169.0,-1101.0 -393.0,-855.0
-1169.0,-1101.0 -647.0,-939.0
-1169.0,-1101.0 -817.0,-465.0
-1169.0,-1101.0 -1071.0,-1045.0
-1169.0,-1101.0 -1105.0,-1017.0
-1169.0,-1101.0 -683.0,-1079.0
-1169.0,-1101.0 -713.0,-953.0
-1169.0,-1101.0 -863.0,-985.0
-1169.0,-1101.0 -707.0,-975.0
-1169.0,-1101.0 -1021.0,-781.0
-1169.0,-1101.0 -1205.0,-1147.0
-1169.0,-1101.0 -1237.0,-1115.0
-461.0,-1079.0 -367.0,-1107.0
-461.0,-1079.0 -687.0,-1047.0
-461.0,-1079.0 -211.0,-1133.0
-461.0,-1079.0 -201.0,-1123.0
-461.0,-1079.0 -913.0,-985.0
-461.0,-1079.0 -707.0,-997.0
-461.0,-1079.0 -687.0,-975.0
-443.0,-1079.0 -67.0,-1005.0
-443.0,-1079.0 -77.0,-995.0
-443.0,-1079.0 67.0,-851.0
-443.0,-1079.0 -1083.0,-1101.0
-439.0,-1077.0 -77.0,-891.0
-433.0,-1073.0 -243.0,-889.0
-427.0,-1065.0 -305.0,-827.0
-425.0,-1061.0 -345.0,-827.0
-425.0,-1061.0 -251.0,-553.0
-425.0,-1061.0 -309.0,-775.0
-423.0,-1055.0 -395.0,-745.0
-423.0,-1055.0 -391.0,-419.0
-423.0,-1047.0 -443.0,-947.0
-423.0,-1047.0 -523.0,-419.0
-423.0,-1047.0 -511.0,-535.0
-423.0,-1047.0 -507.0,-619.0
-425.0,-1039.0 -399.0,-1141.0
-431.0,-1029.0 -475.0,-979.0
-431.0,-1029.0 -351.0,-1117.0
-431.0,-1029.0 -733.0,-725.0
-433.0,-1027.0 -789.0,-775.0
-433.0,-1027.0 -765.0,-757.0
-439.0,-1023.0 -211.0,-1133.0
-439.0,-1023.0 -201.0,-1123.0
-447.0,-1021.0 -647.0,-973.0
-447.0,-1021.0 -1071.0,-1017.0
-447.0,-1021.0 -745.0,-953.0
-447.0,-1021.0 -913.0,-985.0
-447.0,-1021.0 -707.0,-997.0
-447.0,-1021.0 -687.0,-975.0
-459.0,-1021.0 -683.0,-1079.0
-459.0,-1021.0 -715.0,-1045.0
-459.0,-1021.0 -67.0,-1005.0
-459.0,-1021.0 -77.0,-995.0
-459.0,-1021.0 101.0,-883.0
-459.0,-1021.0 67.0,-851.0
-465.0,-1023.0 -77.0,-891.0
-469.0,-1025.0 -243.0,-889.0
-477.0,-1033.0 -305.0,-827.0
-481.0,-1039.0 -443.0,-979.0
-481.0,-1039.0 -475.0,-947.0
-481.0,-1039.0 -345.0,-827.0
-481.0,-1061.0 -609.0,-563.0
-481.0,-1061.0 -619.0,-535.0
-481.0,-1061.0 -643.0,-657.0
-481.0,-1061.0 -611.0,-625.0
-481.0,-1061.0 -579.0,-657.0
-481.0,-1061.0 -545.0,-625.0
-481.0,-1061.0 -543.0,-563.0
-481.0,-1061.0 -511.0,-535.0
-481.0,-1061.0 -535.0,-621.0
-481.0,-1061.0 -507.0,-619.0
-481.0,-1061.0 -679.0,-585.0
-481.0,-1061.0 -617.0,-579.0
-479.0,-1065.0 -711.0,-617.0
-479.0,-1065.0 -689.0,-667.0
-473.0,-1073.0 -387.0,-1157.0
-473.0,-1073.0 -647.0,-973.0
-905.0,-765.0 -815.0,-871.0
-905.0,-765.0 -783.0,-839.0
-905.0,-765.0 -821.0,-809.0
-905.0,-765.0 -789.0,-775.0
-905.0,-765.0 -615.0,-939.0
-905.0,-765.0 -683.0,-1049.0
-905.0,-765.0 -863.0,-935.0
-905.0,-765.0 -1121.0,-655.0
-905.0,-765.0 -1021.0,-719.0
-849.0,-765.0 -733.0,-757.0
-849.0,-765.0 -765.0,-725.0
-849.0,-765.0 -817.0,-465.0
-849.0,-765.0 -713.0,-489.0
-849.0,-765.0 -745.0,-455.0
-849.0,-765.0 -747.0,-697.0
-849.0,-765.0 -769.0,-667.0
-849.0,-765.0 -863.0,-985.0
-849.0,-765.0 -913.0,-935.0
-849.0,-765.0 -789.0,-579.0
-849.0,-765.0 -821.0,-547.0
-849.0,-765.0 -1021.0,-1163.0
-849.0,-765.0 -631.0,-441.0
-849.0,-765.0 -1021.0,-781.0
-849.0,-765.0 -711.0,-585.0
-849.0,-765.0 -823.0,-391.0
-849.0,-759.0 -815.0,-871.0
-849.0,-759.0 -821.0,-809.0
-875.0,-717.0 -475.0,-979.0
-875.0,-717.0 -443.0,-947.0
-875.0,-717.0 -789.0,-775.0
-875.0,-717.0 -765.0,-757.0
-875.0,-717.0 -733.0,-725.0
-875.0,-717.0 -1153.0,-689.0
-877.0,-717.0 -651.0,-531.0
-877.0,-717.0 -747.0,-697.0
-877.0,-717.0 -769.0,-667.0
-877.0,-717.0 -1021.0,-781.0
-877.0,-717.0 -1083.0,-719.0
-877.0,-717.0 -683.0,-617.0
-877.0,-717.0 -711.0,-585.0
-877.0,-717.0 -687.0,-697.0
-881.0,-721.0 -713.0,-489.0
-881.0,-721.0 -789.0,-579.0
-881.0,-721.0 -631.0,-441.0
-905.0,-763.0 -817.0,-465.0
-905.0,-763.0 -821.0,-547.0
-905.0,-763.0 -823.0,-391.0
-475.0,-979.0 -351.0,-1117.0
-475.0,-979.0 -789.0,-775.0
-475.0,-979.0 -765.0,-757.0
-475.0,-979.0 -733.0,-725.0
-475.0,-979.0 -619.0,-535.0
-475.0,-979.0 -211.0,-1133.0
-475.0,-979.0 -201.0,-1123.0
-475.0,-979.0 -77.0,-1005.0
-475.0,-979.0 -67.0,-995.0
-475.0,-979.0 -643.0,-657.0
-475.0,-979.0 -611.0,-625.0
-475.0,-979.0 -579.0,-657.0
-475.0,-979.0 -545.0,-625.0
-475.0,-979.0 -511.0,-535.0
-475.0,-979.0 -535.0,-621.0
-475.0,-979.0 -507.0,-619.0
-475.0,-979.0 -711.0,-617.0
-475.0,-979.0 -617.0,-579.0
-475.0,-979.0 -689.0,-667.0
-475.0,-979.0 -715.0,-695.0
-443.0,-979.0 -345.0,-827.0
-443.0,-979.0 -395.0,-745.0
-443.0,-979.0 -1071.0,-1045.0
-443.0,-979.0 -683.0,-1079.0
-443.0,-979.0 -715.0,-1045.0
-443.0,-979.0 101.0,-883.0
-443.0,-979.0 -687.0,-997.0
-443.0,-979.0 -243.0,-889.0
-443.0,-979.0 -305.0,-827.0
-443.0,-979.0 -77.0,-891.0
-443.0,-947.0 -815.0,-871.0
-443.0,-947.0 -351.0,-1117.0
-443.0,-947.0 -399.0,-1141.0
-443.0,-947.0 -789.0,-775.0
-443.0,-947.0 -615.0,-939.0
-443.0,-947.0 -765.0,-757.0
-443.0,-947.0 -733.0,-725.0
-443.0,-947.0 -817.0,-497.0
-443.0,-947.0 -713.0,-921.0
-443.0,-947.0 -211.0,-1133.0
-443.0,-947.0 -201.0,-1123.0
-443.0,-947.0 -77.0,-1005.0
-443.0,-947.0 -67.0,-995.0
-443.0,-947.0 -789.0,-547.0
-443.0,-947.0 -523.0,-419.0
-443.0,-947.0 -643.0,-657.0
-443.0,-947.0 -611.0,-625.0
-443.0,-947.0 -579.0,-657.0
-443.0,-947.0 -545.0,-625.0
-443.0,-947.0 -511.0,-535.0
-443.0,-947.0 -535.0,-621.0
-443.0,-947.0 -507.0,-619.0
-443.0,-947.0 -711.0,-617.0
-443.0,-947.0 -617.0,-579.0
-443.0,-947.0 -689.0,-667.0
-443.0,-947.0 -715.0,-695.0
-475.0,-947.0 -345.0,-827.0
-475.0,-947.0 -395.0,-745.0
-475.0,-947.0 -253.0,-777.0
-475.0,-947.0 -683.0,-1079.0
-475.0,-947.0 -715.0,-1045.0
-475.0,-947.0 101.0,-883.0
-475.0,-947.0 -243.0,-889.0
-475.0,-947.0 -305.0,-827.0
-475.0,-947.0 -77.0,-891.0
-815.0,-871.0 -821.0,-809.0
-815.0,-871.0 -615.0,-939.0
-815.0,-871.0 -715.0,-1079.0
-815.0,-871.0 -683.0,-1049.0
-815.0,-871.0 -745.0,-953.0
-815.0,-871.0 -713.0,-921.0
-815.0,-871.0 -77.0,-1005.0
-815.0,-871.0 -67.0,-995.0
-815.0,-871.0 -305.0,-889.0
-783.0,-871.0 -393.0,-855.0
-783.0,-871.0 -733.0,-757.0
-783.0,-871.0 -765.0,-725.0
-783.0,-871.0 -777.0,-693.0
-783.0,-871.0 -863.0,-985.0
-783.0,-871.0 -913.0,-935.0
-783.0,-871.0 -643.0,-625.0
-783.0,-871.0 -687.0,-697.0
-783.0,-839.0 -821.0,-809.0
-783.0,-839.0 -789.0,-775.0
-783.0,-839.0 -647.0,-973.0
-783.0,-839.0 -615.0,-939.0
-783.0,-839.0 -785.0,-465.0
-783.0,-839.0 -715.0,-1079.0
-783.0,-839.0 -745.0,-953.0
-783.0,-839.0 -713.0,-921.0
-783.0,-839.0 -789.0,-547.0
-783.0,-839.0 -1121.0,-655.0
-783.0,-839.0 -1021.0,-719.0
-815.0,-839.0 -349.0,-717.0
-815.0,-839.0 -789.0,-809.0
-815.0,-839.0 -733.0,-757.0
-815.0,-839.0 -1105.0,-1017.0
-815.0,-839.0 47.0,-527.0
-815.0,-839.0 -863.0,-985.0
-815.0,-839.0 -913.0,-935.0
-815.0,-839.0 -611.0,-657.0
-815.0,-839.0 -545.0,-657.0
-383.0,-1159.0 -1071.0,-1017.0
-383.0,-1159.0 -715.0,-1079.0
-383.0,-1159.0 -687.0,-1047.0
-363.0,-1159.0 -201.0,-1133.0
-363.0,-1159.0 -211.0,-1123.0
-363.0,-1159.0 -1021.0,-1163.0
-355.0,-1155.0 -67.0,-1005.0
-355.0,-1155.0 -77.0,-995.0
-355.0,-1155.0 101.0,-883.0
-355.0,-1155.0 -77.0,-891.0
-347.0,-1143.0 -345.0,-827.0
-347.0,-1143.0 -309.0,-775.0
-347.0,-1143.0 -243.0,-889.0
-347.0,-1143.0 -305.0,-827.0
-347.0,-1125.0 -395.0,-855.0
-347.0,-1125.0 -577.0,-535.0
-347.0,-1125.0 -579.0,-657.0
-347.0,-1125.0 -545.0,-625.0
-347.0,-1125.0 -511.0,-535.0
-347.0,-1125.0 -535.0,-621.0
-347.0,-1125.0 -507.0,-619.0
-351.0,-1117.0 -611.0,-625.0
-367.0,-1107.0 -715.0,-1079.0
-367.0,-1107.0 -687.0,-1047.0
-367.0,-1107.0 -211.0,-1133.0
-367.0,-1107.0 -201.0,-1123.0
-367.0,-1107.0 -913.0,-985.0
-367.0,-1107.0 -1021.0,-1101.0
-379.0,-1107.0 -67.0,-1005.0
-385.0,-1109.0 -77.0,-995.0
-385.0,-1109.0 101.0,-883.0
-385.0,-1109.0 -77.0,-891.0
-397.0,-1121.0 -243.0,-889.0
-399.0,-1127.0 -345.0,-827.0
-399.0,-1127.0 -395.0,-745.0
-399.0,-1127.0 -309.0,-775.0
-399.0,-1127.0 -305.0,-827.0
-399.0,-1141.0 -523.0,-419.0
-399.0,-1141.0 -511.0,-535.0
-399.0,-1141.0 -507.0,-619.0
-387.0,-1157.0 -647.0,-973.0
-387.0,-1157.0 -707.0,-997.0
-387.0,-1157.0 -687.0,-975.0
-395.0,-855.0 -821.0,-809.0
-395.0,-855.0 -789.0,-775.0
-395.0,-855.0 -765.0,-757.0
-395.0,-855.0 -733.0,-725.0
-395.0,-855.0 -211.0,-1133.0
-395.0,-855.0 -201.0,-1123.0
-395.0,-855.0 -77.0,-1005.0
-395.0,-855.0 -67.0,-995.0
-395.0,-855.0 -777.0,-695.0
-395.0,-855.0 -821.0,-579.0
-395.0,-855.0 -305.0,-889.0
-395.0,-855.0 -643.0,-657.0
-395.0,-855.0 -611.0,-625.0
-395.0,-855.0 -579.0,-657.0
-395.0,-855.0 -545.0,-625.0
-395.0,-855.0 -535.0,-621.0
-395.0,-855.0 -507.0,-619.0
-395.0,-855.0 -711.0,-617.0
-395.0,-855.0 -689.0,-667.0
-395.0,-855.0 -715.0,-695.0
-393.0,-855.0 -647.0,-939.0
-393.0,-855.0 -253.0,-777.0
-393.0,-855.0 -713.0,-953.0
-393.0,-855.0 -745.0,-921.0
-393.0,-855.0 -61.0,-743.0
-393.0,-855.0 -913.0,-935.0
-393.0,-855.0 -305.0,-827.0
-393.0,-855.0 -1237.0,-1115.0
-345.0,-827.0 -219.0,-585.0
-345.0,-827.0 -251.0,-553.0
-345.0,-827.0 -283.0,-729.0
-345.0,-827.0 -683.0,-1079.0
-345.0,-717.0 -309.0,-777.0
-345.0,-717.0 -279.0,-729.0
-345.0,-717.0 -359.0,-419.0
-345.0,-717.0 -23.0,-741.0
-345.0,-717.0 -757.0,-697.0
-345.0,-717.0 -305.0,-889.0
-345.0,-717.0 -1153.0,-689.0
-345.0,-717.0 -643.0,-657.0
-345.0,-717.0 -579.0,-657.0
-345.0,-717.0 -695.0,-697.0
-345.0,-717.0 -689.0,-667.0
-349.0,-717.0 -789.0,-809.0
-349.0,-717.0 -821.0,-775.0
-349.0,-717.0 -733.0,-757.0
-349.0,-717.0 -765.0,-725.0
-349.0,-717.0 -745.0,-921.0
-349.0,-717.0 47.0,-527.0
-349.0,-717.0 -913.0,-935.0
-395.0,-745.0 -219.0,-585.0
-395.0,-745.0 -251.0,-553.0
-395.0,-745.0 -647.0,-939.0
-395.0,-745.0 -713.0,-953.0
-395.0,-745.0 -391.0,-419.0
-395.0,-745.0 -707.0,-975.0
-251.0,-585.0 -609.0,-563.0
-251.0,-585.0 -651.0,-563.0
-251.0,-585.0 47.0,-589.0
-251.0,-585.0 -391.0,-451.0
-251.0,-585.0 -359.0,-419.0
-251.0,-585.0 -61.0,-781.0
-251.0,-585.0 -23.0,-741.0
-251.0,-585.0 -243.0,-827.0
-251.0,-585.0 -543.0,-563.0
-251.0,-585.0 -617.0,-579.0
-251.0,-585.0 -145.0,-891.0
-251.0,-585.0 -77.0,-823.0
-219.0,-585.0 -647.0,-939.0
-219.0,-585.0 -253.0,-777.0
-219.0,-585.0 -309.0,-775.0
-219.0,-585.0 -713.0,-953.0
-219.0,-585.0 -745.0,-921.0
-219.0,-585.0 47.0,-527.0
-219.0,-585.0 -707.0,-975.0
-219.0,-585.0 -243.0,-889.0
-219.0,-585.0 -521.0,-595.0
-219.0,-553.0 47.0,-589.0
-219.0,-553.0 -391.0,-451.0
-219.0,-553.0 -359.0,-419.0
-219.0,-553.0 -61.0,-781.0
-219.0,-553.0 -23.0,-741.0
-219.0,-553.0 101.0,-851.0
-219.0,-553.0 -145.0,-891.0
-219.0,-553.0 -77.0,-823.0
-251.0,-553.0 -615.0,-973.0
-251.0,-553.0 -647.0,-939.0
-251.0,-553.0 -253.0,-777.0
-251.0,-553.0 -309.0,-775.0
-251.0,-553.0 -713.0,-953.0
-251.0,-553.0 -745.0,-921.0
-251.0,-553.0 47.0,-527.0
-251.0,-553.0 -707.0,-975.0
-251.0,-553.0 -521.0,-595.0
-821.0,-809.0 -1121.0,-655.0
-821.0,-809.0 -1021.0,-719.0
-821.0,-809.0 -823.0,-423.0
-789.0,-809.0 -733.0,-757.0
-789.0,-809.0 -765.0,-725.0
-789.0,-809.0 -785.0,-497.0
-789.0,-809.0 -1105.0,-1017.0
-789.0,-809.0 47.0,-527.0
-789.0,-809.0 -777.0,-693.0
-789.0,-809.0 -913.0,-935.0
-789.0,-809.0 -611.0,-657.0
-789.0,-809.0 -545.0,-657.0
-789.0,-775.0 -715.0,-1079.0
-789.0,-775.0 -745.0,-953.0
-789.0,-775.0 -77.0,-1005.0
-789.0,-775.0 -67.0,-995.0
-789.0,-775.0 -821.0,-579.0
-789.0,-775.0 -305.0,-889.0
-821.0,-775.0 -733.0,-757.0
-821.0,-775.0 -765.0,-725.0
-821.0,-775.0 -713.0,-489.0
-821.0,-775.0 -745.0,-455.0
-821.0,-775.0 -747.0,-697.0
-821.0,-775.0 -769.0,-667.0
-821.0,-775.0 -863.0,-985.0
-821.0,-775.0 -913.0,-935.0
-821.0,-775.0 -735.0,-395.0
-821.0,-775.0 -789.0,-579.0
-821.0,-775.0 -1021.0,-781.0
-647.0,-973.0 -733.0,-725.0
-647.0,-973.0 -651.0,-563.0
-647.0,-973.0 -745.0,-953.0
-647.0,-973.0 -713.0,-921.0
-647.0,-973.0 -691.0,-395.0
-647.0,-973.0 -679.0,-585.0
-647.0,-973.0 -649.0,-607.0
-647.0,-973.0 -689.0,-667.0
-647.0,-973.0 -715.0,-695.0
-615.0,-973.0 -577.0,-563.0
-615.0,-973.0 -609.0,-531.0
-615.0,-973.0 -683.0,-1079.0
-615.0,-973.0 -715.0,-1045.0
-615.0,-973.0 -687.0,-997.0
-615.0,-973.0 -707.0,-975.0
-615.0,-973.0 -611.0,-657.0
-615.0,-973.0 -545.0,-657.0
-615.0,-973.0 -579.0,-625.0
-615.0,-973.0 -507.0,-621.0
-615.0,-973.0 -535.0,-619.0
-615.0,-939.0 -765.0,-757.0
-615.0,-939.0 -733.0,-725.0
-615.0,-939.0 -713.0,-921.0
-615.0,-939.0 -691.0,-395.0
-615.0,-939.0 -643.0,-657.0
-615.0,-939.0 -679.0,-585.0
-615.0,-939.0 -649.0,-607.0
-615.0,-939.0 -689.0,-667.0
-615.0,-939.0 -715.0,-695.0
-647.0,-939.0 -1071.0,-1045.0
-647.0,-939.0 -577.0,-563.0
-647.0,-939.0 -683.0,-1079.0
-647.0,-939.0 -715.0,-1045.0
-647.0,-939.0 -713.0,-953.0
-647.0,-939.0 101.0,-883.0
-647.0,-939.0 -687.0,-997.0
-647.0,-939.0 -707.0,-975.0
-647.0,-939.0 -243.0,-889.0
-647.0,-939.0 -305.0,-827.0
-647.0,-939.0 -611.0,-657.0
-647.0,-939.0 -643.0,-625.0
-647.0,-939.0 -545.0,-657.0
-647.0,-939.0 -579.0,-625.0
-647.0,-939.0 -507.0,-621.0
-647.0,-939.0 -1237.0,-1115.0
-647.0,-939.0 -77.0,-891.0
-765.0,-757.0 -745.0,-953.0
-765.0,-757.0 -77.0,-1005.0
-765.0,-757.0 -67.0,-995.0
-765.0,-757.0 -777.0,-695.0
-765.0,-757.0 -821.0,-579.0
-765.0,-757.0 -305.0,-889.0
-733.0,-757.0 -913.0,-935.0
-733.0,-757.0 -611.0,-657.0
-733.0,-757.0 -545.0,-657.0
-733.0,-757.0 -1021.0,-781.0
-733.0,-757.0 -687.0,-697.0
-733.0,-725.0 -201.0,-1123.0
-733.0,-725.0 -77.0,-1005.0
-733.0,-725.0 -67.0,-995.0
-733.0,-725.0 -777.0,-695.0
-733.0,-725.0 -687.0,-975.0
-733.0,-725.0 -1153.0,-689.0
-765.0,-725.0 -747.0,-697.0
-765.0,-725.0 -545.0,-657.0
-765.0,-725.0 -687.0,-697.0
-817.0,-497.0 -589.0,-531.0
-817.0,-497.0 -651.0,-563.0
-817.0,-497.0 -621.0,-531.0
-817.0,-497.0 109.0,-527.0
-817.0,-497.0 -789.0,-547.0
-817.0,-497.0 -523.0,-531.0
-817.0,-497.0 -711.0,-617.0
-817.0,-497.0 -679.0,-585.0
-817.0,-497.0 -617.0,-579.0
-817.0,-497.0 -823.0,-423.0
-817.0,-497.0 -689.0,-667.0
-785.0,-497.0 -713.0,-489.0
-785.0,-497.0 -745.0,-455.0
-785.0,-497.0 -735.0,-395.0
-785.0,-497.0 -789.0,-579.0
-785.0,-497.0 -821.0,-547.0
-785.0,-497.0 -1153.0,-655.0
-785.0,-497.0 -1209.0,-629.0
-785.0,-497.0 -583.0,-489.0
-785.0,-497.0 -1021.0,-781.0
-785.0,-497.0 -1205.0,-673.0
-785.0,-497.0 -1237.0,-641.0
-785.0,-465.0 -745.0,-489.0
-785.0,-465.0 -651.0,-563.0
-785.0,-465.0 -749.0,-667.0
-785.0,-465.0 -777.0,-695.0
-785.0,-465.0 -711.0,-617.0
-785.0,-465.0 -679.0,-585.0
-785.0,-465.0 -647.0,-611.0
-785.0,-465.0 -823.0,-423.0
-785.0,-465.0 -789.0,-391.0
-785.0,-465.0 -689.0,-667.0
-817.0,-465.0 -745.0,-455.0
-817.0,-465.0 -1105.0,-1017.0
-817.0,-465.0 -863.0,-985.0
-817.0,-465.0 -711.0,-435.0
-817.0,-465.0 -735.0,-395.0
-817.0,-465.0 -821.0,-547.0
-817.0,-465.0 -1153.0,-655.0
-817.0,-465.0 -555.0,-419.0
-817.0,-465.0 -1083.0,-719.0
-817.0,-465.0 -1205.0,-673.0
-817.0,-465.0 -1205.0,-1147.0
-817.0,-465.0 -1195.0,-777.0
-817.0,-465.0 -789.0,-423.0
-309.0,-777.0 -359.0,-419.0
-309.0,-777.0 -61.0,-781.0
-309.0,-777.0 101.0,-851.0
-309.0,-777.0 -305.0,-889.0
-309.0,-777.0 -243.0,-827.0
-309.0,-777.0 -77.0,-823.0
-253.0,-777.0 -683.0,-1079.0
-253.0,-777.0 47.0,-527.0
-253.0,-777.0 -61.0,-743.0
-253.0,-777.0 -305.0,-827.0
-253.0,-775.0 -391.0,-451.0
-253.0,-775.0 -359.0,-419.0
-253.0,-775.0 -243.0,-827.0
-279.0,-729.0 -61.0,-781.0
-279.0,-729.0 -23.0,-741.0
-279.0,-729.0 67.0,-883.0
-279.0,-729.0 101.0,-851.0
-279.0,-729.0 -555.0,-451.0
-279.0,-729.0 -523.0,-419.0
-279.0,-729.0 -643.0,-657.0
-279.0,-729.0 -579.0,-657.0
-279.0,-729.0 -77.0,-823.0
-283.0,-729.0 47.0,-527.0
-745.0,-489.0 -581.0,-533.0
-745.0,-489.0 -651.0,-563.0
-745.0,-489.0 -621.0,-531.0
-745.0,-489.0 109.0,-527.0
-745.0,-489.0 -523.0,-531.0
-745.0,-489.0 -711.0,-617.0
-745.0,-489.0 -679.0,-585.0
-745.0,-489.0 -647.0,-611.0
-745.0,-489.0 -823.0,-423.0
-745.0,-489.0 -789.0,-391.0
-713.0,-489.0 -775.0,-681.0
-713.0,-489.0 -913.0,-935.0
-713.0,-489.0 -691.0,-401.0
-713.0,-489.0 -789.0,-579.0
-713.0,-489.0 -821.0,-547.0
-713.0,-489.0 -1021.0,-1163.0
-713.0,-489.0 -1209.0,-629.0
-713.0,-489.0 -631.0,-441.0
-713.0,-489.0 -1205.0,-673.0
-713.0,-489.0 -1237.0,-641.0
-713.0,-489.0 -715.0,-681.0
-713.0,-455.0 -577.0,-535.0
-713.0,-455.0 -651.0,-563.0
-713.0,-455.0 -621.0,-531.0
-713.0,-455.0 -735.0,-401.0
-713.0,-455.0 -609.0,-489.0
-713.0,-455.0 -643.0,-657.0
-713.0,-455.0 -513.0,-533.0
-713.0,-455.0 -711.0,-617.0
-713.0,-455.0 -679.0,-585.0
-713.0,-455.0 -649.0,-607.0
-713.0,-455.0 -823.0,-423.0
-713.0,-455.0 -789.0,-391.0
-745.0,-455.0 -777.0,-693.0
-745.0,-455.0 -711.0,-435.0
-745.0,-455.0 -735.0,-395.0
-745.0,-455.0 -789.0,-579.0
-745.0,-455.0 -821.0,-547.0
-745.0,-455.0 -631.0,-441.0
-745.0,-455.0 -555.0,-419.0
-745.0,-455.0 -1021.0,-781.0
-1105.0,-1045.0 -1083.0,-1163.0
-1105.0,-1045.0 -1021.0,-1101.0
-1105.0,-1045.0 -1251.0,-777.0
-1071.0,-1045.0 -713.0,-953.0
-1071.0,-1045.0 -863.0,-985.0
-1071.0,-1045.0 -1083.0,-1101.0
-1071.0,-1045.0 -687.0,-997.0
-1071.0,-1045.0 -707.0,-975.0
-1071.0,-1045.0 -1021.0,-781.0
-1071.0,-1045.0 -1237.0,-1115.0
-1071.0,-1017.0 -715.0,-1079.0
-1071.0,-1017.0 -1021.0,-1101.0
-1071.0,-1017.0 -1083.0,-781.0
-1105.0,-1017.0 -67.0,-1005.0
-1105.0,-1017.0 -77.0,-995.0
-1105.0,-1017.0 -863.0,-985.0
-1105.0,-1017.0 -687.0,-997.0
-1105.0,-1017.0 -707.0,-975.0
-1105.0,-1017.0 -545.0,-657.0
-1105.0,-1017.0 -1021.0,-781.0
-1105.0,-1017.0 -1205.0,-1147.0
-1105.0,-1017.0 -1237.0,-1115.0
-609.0,-563.0 -619.0,-535.0
-609.0,-563.0 -631.0,-467.0
-609.0,-563.0 -579.0,-657.0
-609.0,-563.0 -545.0,-625.0
-609.0,-563.0 -535.0,-621.0
-609.0,-563.0 -519.0,-595.0
-577.0,-563.0 -683.0,-1079.0
-577.0,-563.0 -713.0,-953.0
-577.0,-563.0 -789.0,-579.0
-577.0,-563.0 -687.0,-997.0
-577.0,-563.0 -707.0,-975.0
-577.0,-563.0 -1209.0,-629.0
-577.0,-563.0 -523.0,-451.0
-577.0,-563.0 -555.0,-419.0
-577.0,-563.0 -611.0,-657.0
-577.0,-563.0 -579.0,-625.0
-577.0,-563.0 -543.0,-531.0
-577.0,-563.0 -711.0,-585.0
-577.0,-563.0 -617.0,-611.0
-577.0,-563.0 -649.0,-579.0
-577.0,-563.0 -1237.0,-641.0
-577.0,-535.0 -715.0,-435.0
-577.0,-535.0 -691.0,-395.0
-577.0,-535.0 -583.0,-441.0
-577.0,-535.0 -631.0,-467.0
-577.0,-535.0 -545.0,-625.0
-577.0,-535.0 -543.0,-563.0
-577.0,-535.0 -535.0,-621.0
-577.0,-535.0 -519.0,-595.0
-577.0,-535.0 -789.0,-391.0
-609.0,-531.0 -619.0,-563.0
-609.0,-531.0 -583.0,-489.0
-609.0,-531.0 -523.0,-451.0
-609.0,-531.0 -611.0,-657.0
-609.0,-531.0 -617.0,-611.0
-715.0,-1079.0 -745.0,-953.0
-715.0,-1079.0 -863.0,-935.0
-683.0,-1079.0 -651.0,-531.0
-683.0,-1079.0 67.0,-851.0
-683.0,-1079.0 -1083.0,-1101.0
-683.0,-1079.0 -305.0,-827.0
-683.0,-1079.0 -611.0,-657.0
-683.0,-1079.0 -643.0,-625.0
-683.0,-1079.0 -579.0,-625.0
-683.0,-1079.0 -679.0,-613.0
-683.0,-1079.0 -649.0,-579.0
-683.0,-1079.0 -77.0,-891.0
-683.0,-1049.0 -745.0,-953.0
-683.0,-1049.0 -707.0,-997.0
-683.0,-1049.0 -687.0,-975.0
-683.0,-1049.0 -687.0,-693.0
-687.0,-1047.0 -211.0,-1133.0
-687.0,-1047.0 -201.0,-1123.0
-715.0,-1045.0 -713.0,-953.0
-715.0,-1045.0 101.0,-883.0
-715.0,-1045.0 -687.0,-997.0
-715.0,-1045.0 -707.0,-975.0
-715.0,-1045.0 -679.0,-613.0
-715.0,-1045.0 -687.0,-697.0
-715.0,-1045.0 -77.0,-891.0
-651.0,-563.0 -691.0,-395.0
-651.0,-563.0 -735.0,-401.0
-651.0,-563.0 -789.0,-547.0
-651.0,-563.0 -519.0,-595.0
-651.0,-563.0 -617.0,-579.0
-651.0,-563.0 -649.0,-607.0
-619.0,-563.0 -789.0,-579.0
-619.0,-563.0 -1209.0,-629.0
-619.0,-563.0 -711.0,-585.0
-619.0,-563.0 -649.0,-579.0
-619.0,-563.0 -1237.0,-641.0
-619.0,-535.0 -631.0,-467.0
-619.0,-535.0 -611.0,-625.0
-619.0,-535.0 -579.0,-657.0
-619.0,-535.0 -617.0,-579.0
-621.0,-531.0 -715.0,-435.0
-621.0,-531.0 -691.0,-395.0
-621.0,-531.0 -789.0,-391.0
-651.0,-531.0 -713.0,-953.0
-651.0,-531.0 -789.0,-579.0
-651.0,-531.0 -821.0,-547.0
-651.0,-531.0 -687.0,-997.0
-651.0,-531.0 -707.0,-975.0
-651.0,-531.0 -583.0,-489.0
-651.0,-531.0 -631.0,-441.0
-651.0,-531.0 -1021.0,-781.0
-651.0,-531.0 -1083.0,-719.0
-651.0,-531.0 -679.0,-613.0
-651.0,-531.0 -711.0,-585.0
-651.0,-531.0 -687.0,-697.0
-745.0,-953.0 -777.0,-695.0
-745.0,-953.0 -821.0,-579.0
-745.0,-953.0 -707.0,-997.0
-745.0,-953.0 -687.0,-975.0
-713.0,-953.0 -523.0,-451.0
-713.0,-953.0 -611.0,-657.0
-713.0,-953.0 -643.0,-625.0
-713.0,-953.0 -545.0,-657.0
-713.0,-953.0 -579.0,-625.0
-713.0,-953.0 -543.0,-531.0
-713.0,-953.0 -507.0,-621.0
-713.0,-953.0 -649.0,-579.0
-713.0,-953.0 -1237.0,-1115.0
-713.0,-953.0 -687.0,-697.0
-713.0,-921.0 -707.0,-997.0
-713.0,-921.0 -687.0,-975.0
-713.0,-921.0 -715.0,-695.0
-745.0,-921.0 -359.0,-451.0
-745.0,-921.0 -913.0,-935.0
-745.0,-921.0 -243.0,-889.0
-745.0,-921.0 -611.0,-657.0
-745.0,-921.0 -545.0,-657.0
-745.0,-921.0 -579.0,-625.0
-745.0,-921.0 -543.0,-531.0
-745.0,-921.0 -507.0,-621.0
-745.0,-921.0 -77.0,-891.0
47.0,-589.0 -391.0,-451.0
47.0,-589.0 -359.0,-419.0
47.0,-589.0 -609.0,-489.0
109.0,-589.0 -521.0,-595.0
109.0,-527.0 -391.0,-451.0
109.0,-527.0 -359.0,-419.0
109.0,-527.0 -609.0,-489.0
47.0,-527.0 -23.0,-781.0
47.0,-527.0 -61.0,-743.0
47.0,-527.0 -67.0,-1005.0
47.0,-527.0 -77.0,-995.0
47.0,-527.0 -305.0,-827.0
47.0,-527.0 -145.0,-823.0
-391.0,-451.0 -61.0,-781.0
-391.0,-451.0 -77.0,-823.0
-359.0,-451.0 -579.0,-625.0
-359.0,-451.0 -511.0,-563.0
-359.0,-451.0 -507.0,-621.0
-359.0,-451.0 -521.0,-595.0
-359.0,-419.0 101.0,-851.0
-359.0,-419.0 -691.0,-395.0
-359.0,-419.0 -305.0,-889.0
-391.0,-419.0 -523.0,-451.0
-61.0,-781.0 67.0,-883.0
-61.0,-781.0 101.0,-851.0
-61.0,-781.0 -583.0,-441.0
-61.0,-781.0 -579.0,-657.0
-61.0,-781.0 -513.0,-533.0
-23.0,-781.0 -67.0,-1005.0
-23.0,-781.0 -77.0,-995.0
-23.0,-781.0 -305.0,-827.0
-23.0,-781.0 -77.0,-891.0
-23.0,-781.0 -145.0,-823.0
-23.0,-741.0 67.0,-883.0
-23.0,-741.0 101.0,-851.0
-23.0,-741.0 -609.0,-489.0
-23.0,-741.0 -643.0,-657.0
-23.0,-741.0 -579.0,-657.0
-23.0,-741.0 -513.0,-533.0
-23.0,-741.0 -689.0,-667.0
-61.0,-743.0 -67.0,-1005.0
-61.0,-743.0 -77.0,-995.0
-61.0,-743.0 -305.0,-827.0
-61.0,-743.0 -77.0,-891.0
-61.0,-743.0 -145.0,-823.0
-211.0,-1133.0 -913.0,-985.0
-211.0,-1133.0 -789.0,-547.0
-211.0,-1133.0 -305.0,-889.0
-211.0,-1133.0 -243.0,-827.0
-211.0,-1133.0 -643.0,-657.0
-211.0,-1133.0 -611.0,-625.0
-211.0,-1133.0 -579.0,-657.0
-211.0,-1133.0 -711.0,-617.0
-211.0,-1133.0 -689.0,-667.0
-211.0,-1133.0 -715.0,-695.0
-201.0,-1133.0 -77.0,-995.0
-201.0,-1133.0 -145.0,-823.0
-201.0,-1123.0 -789.0,-547.0
-201.0,-1123.0 -305.0,-889.0
-201.0,-1123.0 -243.0,-827.0
-201.0,-1123.0 -643.0,-657.0
-201.0,-1123.0 -611.0,-625.0
-201.0,-1123.0 -579.0,-657.0
-201.0,-1123.0 -711.0,-617.0
-201.0,-1123.0 -689.0,-667.0
-201.0,-1123.0 -715.0,-695.0
-211.0,-1123.0 -67.0,-1005.0
-211.0,-1123.0 -77.0,-995.0
-211.0,-1123.0 67.0,-851.0
-211.0,-1123.0 -145.0,-823.0
-77.0,-1005.0 -777.0,-695.0
-77.0,-1005.0 -707.0,-997.0
-77.0,-1005.0 -687.0,-975.0
-77.0,-1005.0 -305.0,-889.0
-67.0,-1005.0 101.0,-883.0
-67.0,-1005.0 67.0,-851.0
-67.0,-995.0 -777.0,-695.0
-67.0,-995.0 -687.0,-975.0
-67.0,-995.0 -305.0,-889.0
-67.0,-995.0 -77.0,-823.0
-77.0,-995.0 101.0,-883.0
-77.0,-995.0 67.0,-851.0
-77.0,-995.0 -687.0,-997.0
67.0,-883.0 -583.0,-441.0
67.0,-883.0 -555.0,-451.0
67.0,-883.0 -513.0,-533.0
67.0,-883.0 -77.0,-823.0
101.0,-883.0 -77.0,-891.0
101.0,-851.0 -77.0,-823.0
67.0,-851.0 -77.0,-891.0
-757.0,-697.0 -1153.0,-689.0
-747.0,-697.0 -1083.0,-719.0
-747.0,-697.0 -1251.0,-721.0
-749.0,-667.0 -821.0,-579.0
-749.0,-667.0 -789.0,-547.0
-749.0,-667.0 -789.0,-391.0
-769.0,-667.0 -913.0,-935.0
-769.0,-667.0 -1121.0,-689.0
-769.0,-667.0 -631.0,-441.0
-769.0,-667.0 -611.0,-657.0
-769.0,-667.0 -643.0,-625.0
-769.0,-667.0 -545.0,-657.0
-769.0,-667.0 -1021.0,-781.0
-769.0,-667.0 -1083.0,-719.0
-769.0,-667.0 -683.0,-617.0
-769.0,-667.0 -711.0,-585.0
-769.0,-667.0 -617.0,-611.0
-769.0,-667.0 -1251.0,-721.0
-777.0,-695.0 -821.0,-579.0
-777.0,-695.0 -789.0,-547.0
-777.0,-695.0 -1209.0,-597.0
-913.0,-985.0 -707.0,-997.0
-913.0,-985.0 -1083.0,-781.0
-863.0,-985.0 -789.0,-579.0
-863.0,-985.0 -821.0,-547.0
-863.0,-985.0 -1083.0,-1101.0
-863.0,-985.0 -707.0,-975.0
-863.0,-985.0 -1237.0,-1115.0
-863.0,-985.0 -823.0,-391.0
-913.0,-935.0 -1021.0,-1163.0
-715.0,-435.0 -609.0,-489.0
-715.0,-435.0 -583.0,-441.0
-715.0,-435.0 -823.0,-423.0
-715.0,-435.0 -789.0,-391.0
-711.0,-435.0 -555.0,-419.0
-691.0,-401.0 -711.0,-585.0
-691.0,-395.0 -583.0,-441.0
-691.0,-395.0 -631.0,-467.0
-691.0,-395.0 -555.0,-451.0
-691.0,-395.0 -523.0,-419.0
-691.0,-395.0 -643.0,-657.0
-691.0,-395.0 -679.0,-585.0
-691.0,-395.0 -649.0,-607.0
-691.0,-395.0 -789.0,-391.0
-735.0,-395.0 -789.0,-579.0
-735.0,-395.0 -1153.0,-655.0
-735.0,-395.0 -1205.0,-673.0
-735.0,-395.0 -1195.0,-777.0
-735.0,-395.0 -789.0,-423.0
-735.0,-401.0 -649.0,-607.0
-821.0,-579.0 -643.0,-657.0
-821.0,-579.0 -711.0,-617.0
-821.0,-579.0 -679.0,-585.0
-821.0,-579.0 -823.0,-423.0
-821.0,-579.0 -689.0,-667.0
-789.0,-579.0 -1209.0,-629.0
-789.0,-579.0 -1241.0,-597.0
-789.0,-579.0 -583.0,-489.0
-789.0,-579.0 -631.0,-441.0
-789.0,-579.0 -511.0,-563.0
-789.0,-579.0 -1021.0,-781.0
-789.0,-579.0 -1237.0,-641.0
-789.0,-547.0 -519.0,-595.0
-789.0,-547.0 -711.0,-617.0
-789.0,-547.0 -679.0,-585.0
-789.0,-547.0 -617.0,-579.0
-789.0,-547.0 -689.0,-667.0
-821.0,-547.0 -1209.0,-629.0
-821.0,-547.0 -583.0,-489.0
-821.0,-547.0 -1021.0,-781.0
-821.0,-547.0 -1237.0,-641.0
-821.0,-547.0 -1205.0,-1147.0
-1021.0,-1101.0 -1083.0,-781.0
-707.0,-997.0 -715.0,-695.0
-687.0,-997.0 -611.0,-657.0
-687.0,-997.0 -643.0,-625.0
-687.0,-997.0 -545.0,-657.0
-687.0,-997.0 -579.0,-625.0
-687.0,-997.0 -507.0,-621.0
-687.0,-997.0 -679.0,-613.0
-687.0,-997.0 -649.0,-579.0
-687.0,-975.0 -715.0,-695.0
-707.0,-975.0 -523.0,-451.0
-707.0,-975.0 -611.0,-657.0
-707.0,-975.0 -643.0,-625.0
-707.0,-975.0 -545.0,-657.0
-707.0,-975.0 -579.0,-625.0
-707.0,-975.0 -507.0,-621.0
-707.0,-975.0 -679.0,-613.0
-707.0,-975.0 -649.0,-579.0
-707.0,-975.0 -1237.0,-1115.0
-707.0,-975.0 -687.0,-697.0
-305.0,-889.0 -145.0,-891.0
-305.0,-827.0 -145.0,-823.0
-1153.0,-689.0 -1209.0,-597.0
-1153.0,-689.0 -1021.0,-719.0
-1153.0,-689.0 -1237.0,-673.0
-1153.0,-689.0 -1205.0,-641.0
-1121.0,-689.0 -611.0,-657.0
-1121.0,-689.0 -643.0,-625.0
-1121.0,-689.0 -683.0,-617.0
-1121.0,-689.0 -617.0,-611.0
-1121.0,-689.0 -1195.0,-777.0
-1121.0,-689.0 -1251.0,-721.0
-1121.0,-655.0 -1241.0,-629.0
-1121.0,-655.0 -1209.0,-597.0
-1121.0,-655.0 -1083.0,-781.0
-1121.0,-655.0 -1021.0,-719.0
-1121.0,-655.0 -1205.0,-641.0
-1153.0,-655.0 -1205.0,-673.0
-1153.0,-655.0 -1205.0,-1147.0
-1153.0,-655.0 -1237.0,-1115.0
-1153.0,-655.0 -1195.0,-777.0
-1153.0,-655.0 -1251.0,-721.0
-1153.0,-655.0 -789.0,-423.0
-1241.0,-629.0 -1237.0,-673.0
-1241.0,-629.0 -1205.0,-641.0
-1209.0,-629.0 -583.0,-489.0
-1209.0,-629.0 -511.0,-563.0
-1209.0,-629.0 -711.0,-585.0
-1209.0,-629.0 -649.0,-579.0
-1209.0,-629.0 -1237.0,-641.0
-1209.0,-597.0 -611.0,-625.0
-1209.0,-597.0 -545.0,-625.0
-1209.0,-597.0 -1021.0,-719.0
-1209.0,-597.0 -711.0,-617.0
-1209.0,-597.0 -1205.0,-641.0
-1209.0,-597.0 -1195.0,-721.0
-1241.0,-597.0 -711.0,-585.0
-1241.0,-597.0 -649.0,-579.0
-1241.0,-597.0 -1251.0,-721.0
-609.0,-489.0 -513.0,-533.0
-583.0,-489.0 -523.0,-451.0
-583.0,-489.0 -555.0,-419.0
-583.0,-489.0 -1237.0,-641.0
-583.0,-441.0 -555.0,-451.0
-583.0,-441.0 -545.0,-625.0
-583.0,-441.0 -543.0,-563.0
-583.0,-441.0 -511.0,-535.0
-583.0,-441.0 -535.0,-621.0
-583.0,-441.0 -77.0,-823.0
-631.0,-441.0 -555.0,-419.0
-631.0,-441.0 -679.0,-613.0
-631.0,-441.0 -711.0,-585.0
-631.0,-467.0 -543.0,-563.0
-631.0,-467.0 -519.0,-595.0
-555.0,-451.0 -545.0,-625.0
-555.0,-451.0 -543.0,-563.0
-555.0,-451.0 -511.0,-535.0
-555.0,-451.0 -77.0,-823.0
-523.0,-451.0 -611.0,-657.0
-523.0,-451.0 -579.0,-625.0
-523.0,-451.0 -543.0,-531.0
-523.0,-419.0 -511.0,-535.0
-555.0,-419.0 -579.0,-625.0
-643.0,-657.0 -711.0,-617.0
-643.0,-657.0 -679.0,-585.0
-643.0,-657.0 -649.0,-607.0
-611.0,-657.0 -579.0,-625.0
-611.0,-657.0 -543.0,-531.0
-611.0,-657.0 -687.0,-697.0
-611.0,-657.0 -707.0,-667.0
-611.0,-625.0 -579.0,-657.0
-611.0,-625.0 -711.0,-617.0
-611.0,-625.0 -647.0,-611.0
-611.0,-625.0 -617.0,-579.0
-643.0,-625.0 -511.0,-563.0
-643.0,-625.0 -507.0,-621.0
-643.0,-625.0 -521.0,-595.0
-643.0,-625.0 -1083.0,-719.0
-643.0,-625.0 -617.0,-611.0
-643.0,-625.0 -1251.0,-721.0
-643.0,-625.0 -687.0,-697.0
-643.0,-625.0 -707.0,-667.0
-579.0,-657.0 -617.0,-579.0
-545.0,-657.0 -543.0,-531.0
-545.0,-657.0 -507.0,-621.0
-545.0,-657.0 -535.0,-619.0
-545.0,-657.0 -687.0,-697.0
-545.0,-657.0 -707.0,-667.0
-545.0,-625.0 -711.0,-617.0
-545.0,-625.0 -647.0,-611.0
-545.0,-625.0 -617.0,-579.0
-579.0,-625.0 -511.0,-563.0
-579.0,-625.0 -543.0,-531.0
-579.0,-625.0 -507.0,-621.0
-579.0,-625.0 -521.0,-595.0
-543.0,-563.0 -535.0,-621.0
-543.0,-563.0 -519.0,-595.0
-511.0,-563.0 -535.0,-619.0
-511.0,-563.0 -711.0,-585.0
-511.0,-563.0 -617.0,-611.0
-511.0,-563.0 -649.0,-579.0
-511.0,-563.0 -1237.0,-641.0
-511.0,-535.0 -507.0,-619.0
-513.0,-533.0 -77.0,-823.0
-543.0,-531.0 -617.0,-611.0
-535.0,-621.0 -711.0,-617.0
-535.0,-621.0 -647.0,-611.0
-535.0,-621.0 -617.0,-579.0
-519.0,-595.0 -617.0,-579.0
-521.0,-595.0 -1083.0,-719.0
-521.0,-595.0 -617.0,-611.0
-521.0,-595.0 -1251.0,-721.0
-1083.0,-781.0 -1251.0,-777.0
-1021.0,-781.0 -683.0,-617.0
-1021.0,-781.0 -711.0,-585.0
-1021.0,-781.0 -1205.0,-1147.0
-1021.0,-719.0 -1237.0,-673.0
-1083.0,-719.0 -683.0,-617.0
-1083.0,-719.0 -711.0,-585.0
-1083.0,-719.0 -617.0,-611.0
-1083.0,-719.0 -1251.0,-721.0
-1083.0,-719.0 -789.0,-423.0
-1083.0,-719.0 -823.0,-391.0
-1083.0,-719.0 -687.0,-697.0
-711.0,-617.0 -789.0,-391.0
-711.0,-617.0 -689.0,-667.0
-683.0,-617.0 -617.0,-611.0
-683.0,-617.0 -1251.0,-721.0
-679.0,-613.0 -649.0,-579.0
-679.0,-613.0 -687.0,-697.0
-679.0,-613.0 -715.0,-681.0
-679.0,-585.0 -647.0,-611.0
-711.0,-585.0 -649.0,-579.0
-711.0,-585.0 -1237.0,-641.0
-711.0,-585.0 -715.0,-681.0
-647.0,-611.0 -823.0,-423.0
-617.0,-611.0 -1251.0,-721.0
-649.0,-579.0 -687.0,-697.0
-649.0,-579.0 -707.0,-667.0
-1237.0,-673.0 -1195.0,-721.0
-1205.0,-673.0 -1251.0,-721.0
-1205.0,-673.0 -789.0,-423.0
-1205.0,-641.0 -1195.0,-721.0
-1237.0,-641.0 -1251.0,-721.0
-1237.0,-1147.0 -1251.0,-777.0
-1205.0,-1147.0 -1195.0,-777.0
-1205.0,-1115.0 -1251.0,-777.0
-1237.0,-1115.0 -1195.0,-777.0
-1251.0,-721.0 -687.0,-697.0