61.0,-809.0 69.0,-809.0
69.0,-809.0 69.0,-801.0
69.0,-801.0 61.0,-801.0
61.0,-801.0 61.0,-809.0
-7.0,-973.0 7.0,-973.0
7.0,-973.0 7.0,-959.0
7.0,-959.0 -7.0,-959.0
-7.0,-959.0 -7.0,-973.0
-1119.0,-869.0 -1083.0,-869.0
-1083.0,-869.0 -1083.0,-787.0
-1083.0,-787.0 -1161.0,-787.0
-1161.0,-787.0 -1161.0,-865.0
-1161.0,-865.0 -1119.0,-869.0
49.0,-659.0 117.0,-659.0
117.0,-659.0 117.0,-591.0
117.0,-591.0 49.0,-591.0
49.0,-591.0 49.0,-659.0
-969.0,-1163.0 -955.0,-1163.0
-955.0,-1163.0 -947.0,-1161.0
-947.0,-1161.0 -941.0,-1157.0
-941.0,-1157.0 -935.0,-1151.0
-935.0,-1151.0 -931.0,-1143.0
-931.0,-1143.0 -931.0,-1121.0
-931.0,-1121.0 -933.0,-1115.0
-933.0,-1115.0 -935.0,-1111.0
-935.0,-1111.0 -939.0,-1107.0
-939.0,-1107.0 -945.0,-1103.0
-945.0,-1103.0 -951.0,-1101.0
-951.0,-1101.0 -973.0,-1101.0
-973.0,-1101.0 -977.0,-1103.0
-977.0,-1103.0 -983.0,-1107.0
-983.0,-1107.0 -987.0,-1111.0
-987.0,-1111.0 -991.0,-1117.0
-991.0,-1117.0 -993.0,-1125.0
-993.0,-1125.0 -993.0,-1139.0
-993.0,-1139.0 -991.0,-1145.0
-991.0,-1145.0 -987.0,-1153.0
-987.0,-1153.0 -983.0,-1157.0
-983.0,-1157.0 -975.0,-1161.0
-975.0,-1161.0 -969.0,-1163.0
-1133.0,-975.0 -1127.0,-975.0
-1127.0,-975.0 -1125.0,-973.0
-1125.0,-973.0 -1121.0,-967.0
-1121.0,-967.0 -1107.0,-941.0
-1107.0,-941.0 -1105.0,-937.0
-1105.0,-937.0 -1105.0,-931.0
-1105.0,-931.0 -1155.0,-931.0
-1155.0,-931.0 -1155.0,-937.0
-1155.0,-937.0 -1141.0,-963.0
-1141.0,-963.0 -1135.0,-973.0
-1135.0,-973.0 -1133.0,-975.0
-965.0,-477.0 -957.0,-477.0
-957.0,-477.0 -935.0,-451.0
-935.0,-451.0 -935.0,-445.0
-935.0,-445.0 -947.0,-411.0
-947.0,-411.0 -981.0,-405.0
-981.0,-405.0 -989.0,-405.0
-989.0,-405.0 -989.0,-411.0
-989.0,-411.0 -983.0,-429.0
-983.0,-429.0 -965.0,-477.0
-961.0,-1081.0 -925.0,-1081.0
-925.0,-1081.0 -925.0,-1045.0
-925.0,-1045.0 -961.0,-1045.0
-961.0,-1045.0 -961.0,-1081.0
-985.0,-981.0 -949.0,-981.0
-949.0,-981.0 -949.0,-943.0
-949.0,-943.0 -985.0,-943.0
-985.0,-943.0 -985.0,-981.0
-733.0,-859.0 -723.0,-859.0
-723.0,-859.0 -717.0,-855.0
-717.0,-855.0 -717.0,-823.0
-717.0,-823.0 -723.0,-821.0
-723.0,-821.0 -747.0,-821.0
-747.0,-821.0 -753.0,-823.0
-753.0,-823.0 -753.0,-857.0
-753.0,-857.0 -733.0,-859.0
-77.0,-1147.0 -65.0,-1147.0
-65.0,-1147.0 -61.0,-1143.0
-61.0,-1143.0 -61.0,-1131.0
-61.0,-1131.0 -65.0,-1127.0
-65.0,-1127.0 -77.0,-1127.0
-77.0,-1127.0 -79.0,-1129.0
-79.0,-1129.0 -81.0,-1133.0
-81.0,-1133.0 -81.0,-1141.0
-81.0,-1141.0 -79.0,-1145.0
-79.0,-1145.0 -77.0,-1147.0
-121.0,-1063.0 -107.0,-1063.0
-107.0,-1063.0 -107.0,-1049.0
-107.0,-1049.0 -121.0,-1049.0
-121.0,-1049.0 -121.0,-1063.0
-49.0,-1157.0 1.0,-1157.0
1.0,-1157.0 3.0,-1147.0
3.0,-1147.0 3.0,-1115.0
3.0,-1115.0 1.0,-1111.0
1.0,-1111.0 -3.0,-1107.0
-3.0,-1107.0 -33.0,-1105.0
-33.0,-1105.0 -49.0,-1105.0
-49.0,-1105.0 -49.0,-1157.0
-591.0,-979.0 -553.0,-979.0
-553.0,-979.0 -553.0,-943.0
-553.0,-943.0 -591.0,-943.0
-591.0,-943.0 -591.0,-979.0
-821.0,-1055.0 -785.0,-1055.0
-785.0,-1055.0 -785.0,-1017.0
-785.0,-1017.0 -821.0,-1017.0
-821.0,-1017.0 -821.0,-1055.0
-969.0,-653.0 -933.0,-653.0
-933.0,-653.0 -933.0,-615.0
-933.0,-615.0 -969.0,-615.0
-969.0,-615.0 -969.0,-653.0
-819.0,-973.0 -783.0,-973.0
-783.0,-973.0 -783.0,-937.0
-783.0,-937.0 -819.0,-937.0
-819.0,-937.0 -819.0,-973.0
-941.0,-879.0 -905.0,-879.0
-905.0,-879.0 -905.0,-797.0
-905.0,-797.0 -983.0,-797.0
-983.0,-797.0 -983.0,-875.0
-983.0,-875.0 -941.0,-879.0
-1129.0,-593.0 -1101.0,-593.0
-1101.0,-593.0 -1057.0,-583.0
-1057.0,-583.0 -1049.0,-581.0
-1049.0,-581.0 -1045.0,-579.0
-1045.0,-579.0 -1035.0,-569.0
-1035.0,-569.0 -1033.0,-561.0
-1033.0,-561.0 -1033.0,-553.0
-1033.0,-553.0 -1035.0,-547.0
-1035.0,-547.0 -1039.0,-541.0
-1039.0,-541.0 -1045.0,-537.0
-1045.0,-537.0 -1049.0,-535.0
-1049.0,-535.0 -1055.0,-533.0
-1055.0,-533.0 -1063.0,-531.0
-1063.0,-531.0 -1083.0,-531.0
-1083.0,-531.0 -1099.0,-533.0
-1099.0,-533.0 -1107.0,-535.0
-1107.0,-535.0 -1113.0,-537.0
-1113.0,-537.0 -1117.0,-539.0
-1117.0,-539.0 -1129.0,-547.0
-1129.0,-547.0 -1137.0,-557.0
-1137.0,-557.0 -1139.0,-561.0
-1139.0,-561.0 -1139.0,-583.0
-1139.0,-583.0 -1137.0,-587.0
-1137.0,-587.0 -1133.0,-591.0
-1133.0,-591.0 -1129.0,-593.0
-1123.0,-779.0 -1115.0,-779.0
-1115.0,-779.0 -1095.0,-743.0
-1095.0,-743.0 -1095.0,-737.0
-1095.0,-737.0 -1143.0,-737.0
-1143.0,-737.0 -1143.0,-743.0
-1143.0,-743.0 -1123.0,-779.0
-1127.0,-425.0 -1039.0,-425.0
-1039.0,-425.0 -1039.0,-419.0
-1039.0,-419.0 -1059.0,-383.0
-1059.0,-383.0 -1107.0,-383.0
-1107.0,-383.0 -1147.0,-385.0
-1147.0,-385.0 -1147.0,-391.0
-1147.0,-391.0 -1127.0,-425.0
-1093.0,-667.0 -1061.0,-667.0
-1061.0,-667.0 -1061.0,-629.0
-1061.0,-629.0 -1093.0,-629.0
-1093.0,-629.0 -1093.0,-667.0
-1237.0,-445.0 -1201.0,-445.0
-1201.0,-445.0 -1201.0,-409.0
-1201.0,-409.0 -1237.0,-409.0
-1237.0,-409.0 -1237.0,-445.0
-729.0,-699.0 -715.0,-699.0
-715.0,-699.0 -715.0,-691.0
-715.0,-691.0 -717.0,-665.0
-717.0,-665.0 -741.0,-665.0
-741.0,-665.0 -747.0,-679.0
-747.0,-679.0 -749.0,-691.0
-749.0,-691.0 -749.0,-697.0
-749.0,-697.0 -729.0,-699.0
-447.0,-491.0 -417.0,-491.0
-417.0,-491.0 -417.0,-439.0
-417.0,-439.0 -469.0,-439.0
-469.0,-439.0 -469.0,-469.0
-469.0,-469.0 -447.0,-491.0
-471.0,-671.0 -405.0,-671.0
-405.0,-671.0 -405.0,-603.0
-405.0,-603.0 -471.0,-603.0
-471.0,-603.0 -471.0,-671.0
-393.0,-565.0 -357.0,-565.0
-357.0,-565.0 -357.0,-527.0
-357.0,-527.0 -393.0,-527.0
-393.0,-527.0 -393.0,-565.0
-235.0,-891.0 -169.0,-891.0
-169.0,-891.0 -169.0,-825.0
-169.0,-825.0 -235.0,-825.0
-235.0,-825.0 -235.0,-891.0
-109.0,-967.0 -77.0,-967.0
-77.0,-967.0 -77.0,-935.0
-77.0,-935.0 -109.0,-935.0
-109.0,-935.0 -109.0,-967.0
-1171.0,-1165.0 -1105.0,-1165.0
-1105.0,-1165.0 -1105.0,-1099.0
-1105.0,-1099.0 -1171.0,-1099.0
-1171.0,-1099.0 -1171.0,-1165.0
-463.0,-1081.0 -441.0,-1081.0
-441.0,-1081.0 -437.0,-1079.0
-437.0,-1079.0 -431.0,-1075.0
-431.0,-1075.0 -429.0,-1073.0
-429.0,-1073.0 -425.0,-1067.0
-425.0,-1067.0 -423.0,-1063.0
-423.0,-1063.0 -421.0,-1057.0
-421.0,-1057.0 -421.0,-1045.0
-421.0,-1045.0 -423.0,-1037.0
-423.0,-1037.0 -425.0,-1033.0
-425.0,-1033.0 -429.0,-1027.0
-429.0,-1027.0 -431.0,-1025.0
-431.0,-1025.0 -437.0,-1021.0
-437.0,-1021.0 -445.0,-1019.0
-445.0,-1019.0 -461.0,-1019.0
-461.0,-1019.0 -467.0,-1021.0
-467.0,-1021.0 -471.0,-1023.0
-471.0,-1023.0 -479.0,-1031.0
-479.0,-1031.0 -483.0,-1037.0
-483.0,-1037.0 -483.0,-1063.0
-483.0,-1063.0 -481.0,-1067.0
-481.0,-1067.0 -477.0,-1073.0
-477.0,-1073.0 -475.0,-1075.0
-475.0,-1075.0 -463.0,-1081.0
-907.0,-767.0 -847.0,-767.0
-847.0,-767.0 -847.0,-757.0
-847.0,-757.0 -869.0,-719.0
-869.0,-719.0 -873.0,-715.0
-873.0,-715.0 -879.0,-715.0
-879.0,-715.0 -883.0,-719.0
-883.0,-719.0 -895.0,-739.0
-895.0,-739.0 -905.0,-757.0
-905.0,-757.0 -907.0,-761.0
-907.0,-761.0 -907.0,-767.0
-477.0,-981.0 -441.0,-981.0
-441.0,-981.0 -441.0,-945.0
-441.0,-945.0 -477.0,-945.0
-477.0,-945.0 -477.0,-981.0
-817.0,-873.0 -781.0,-873.0
-781.0,-873.0 -781.0,-837.0
-781.0,-837.0 -817.0,-837.0
-817.0,-837.0 -817.0,-873.0
-385.0,-1161.0 -361.0,-1161.0
-361.0,-1161.0 -353.0,-1157.0
-353.0,-1157.0 -351.0,-1155.0
-351.0,-1155.0 -347.0,-1149.0
-347.0,-1149.0 -345.0,-1145.0
-345.0,-1145.0 -345.0,-1123.0
-345.0,-1123.0 -349.0,-1115.0
-349.0,-1115.0 -355.0,-1109.0
-355.0,-1109.0 -359.0,-1107.0
-359.0,-1107.0 -365.0,-1105.0
-365.0,-1105.0 -381.0,-1105.0
-381.0,-1105.0 -387.0,-1107.0
-387.0,-1107.0 -395.0,-1113.0
-395.0,-1113.0 -399.0,-1119.0
-399.0,-1119.0 -401.0,-1125.0
-401.0,-1125.0 -401.0,-1143.0
-401.0,-1143.0 -397.0,-1151.0
-397.0,-1151.0 -389.0,-1159.0
-389.0,-1159.0 -385.0,-1161.0
-397.0,-857.0 -391.0,-857.0
-391.0,-857.0 -343.0,-829.0
-343.0,-829.0 -343.0,-715.0
-343.0,-715.0 -351.0,-715.0
-351.0,-715.0 -397.0,-743.0
-397.0,-743.0 -397.0,-857.0
-253.0,-587.0 -217.0,-587.0
-217.0,-587.0 -217.0,-551.0
-217.0,-551.0 -253.0,-551.0
-253.0,-551.0 -253.0,-587.0
-823.0,-811.0 -787.0,-811.0
-787.0,-811.0 -787.0,-773.0
-787.0,-773.0 -823.0,-773.0
-823.0,-773.0 -823.0,-811.0
-649.0,-975.0 -613.0,-975.0
-613.0,-975.0 -613.0,-937.0
-613.0,-937.0 -649.0,-937.0
-649.0,-937.0 -649.0,-975.0
-767.0,-759.0 -731.0,-759.0
-731.0,-759.0 -731.0,-723.0
-731.0,-723.0 -767.0,-723.0
-767.0,-723.0 -767.0,-759.0
-819.0,-499.0 -783.0,-499.0
-783.0,-499.0 -783.0,-463.0
-783.0,-463.0 -819.0,-463.0
-819.0,-463.0 -819.0,-499.0
-311.0,-779.0 -251.0,-779.0
-251.0,-779.0 -251.0,-773.0
-251.0,-773.0 -255.0,-765.0
-255.0,-765.0 -277.0,-727.0
-277.0,-727.0 -285.0,-727.0
-285.0,-727.0 -297.0,-747.0
-297.0,-747.0 -307.0,-765.0
-307.0,-765.0 -311.0,-773.0
-311.0,-773.0 -311.0,-779.0
-747.0,-491.0 -711.0,-491.0
-711.0,-491.0 -711.0,-453.0
-711.0,-453.0 -747.0,-453.0
-747.0,-453.0 -747.0,-491.0
-1107.0,-1047.0 -1069.0,-1047.0
-1069.0,-1047.0 -1069.0,-1015.0
-1069.0,-1015.0 -1107.0,-1015.0
-1107.0,-1015.0 -1107.0,-1047.0
-611.0,-565.0 -575.0,-565.0
-575.0,-565.0 -575.0,-533.0
-575.0,-533.0 -579.0,-531.0
-579.0,-531.0 -587.0,-529.0
-587.0,-529.0 -611.0,-529.0
-611.0,-529.0 -611.0,-565.0
-717.0,-1081.0 -681.0,-1081.0
-681.0,-1081.0 -681.0,-1047.0
-681.0,-1047.0 -685.0,-1045.0
-685.0,-1045.0 -705.0,-1043.0
-705.0,-1043.0 -717.0,-1043.0
-717.0,-1043.0 -717.0,-1081.0
-653.0,-565.0 -617.0,-565.0
-617.0,-565.0 -617.0,-533.0
-617.0,-533.0 -619.0,-529.0
-619.0,-529.0 -653.0,-529.0
-653.0,-529.0 -653.0,-565.0
-747.0,-955.0 -711.0,-955.0
-711.0,-955.0 -711.0,-919.0
-711.0,-919.0 -747.0,-919.0
-747.0,-919.0 -747.0,-955.0
45.0,-591.0 111.0,-591.0
111.0,-591.0 111.0,-525.0
111.0,-525.0 45.0,-525.0
45.0,-525.0 45.0,-591.0
-393.0,-453.0 -357.0,-453.0
-357.0,-453.0 -357.0,-417.0
-357.0,-417.0 -393.0,-417.0
-393.0,-417.0 -393.0,-453.0
-63.0,-783.0 -21.0,-783.0
-21.0,-783.0 -21.0,-739.0
-21.0,-739.0 -27.0,-739.0
-27.0,-739.0 -63.0,-741.0
-63.0,-741.0 -63.0,-783.0
-213.0,-1135.0 -199.0,-1135.0
-199.0,-1135.0 -199.0,-1121.0
-199.0,-1121.0 -213.0,-1121.0
-213.0,-1121.0 -213.0,-1135.0
-79.0,-1007.0 -65.0,-1007.0
-65.0,-1007.0 -65.0,-993.0
-65.0,-993.0 -79.0,-993.0
-79.0,-993.0 -79.0,-1007.0
65.0,-885.0 103.0,-885.0
103.0,-885.0 103.0,-849.0
103.0,-849.0 65.0,-849.0
65.0,-849.0 65.0,-885.0
-759.0,-699.0 -745.0,-699.0
-745.0,-699.0 -745.0,-689.0
-745.0,-689.0 -747.0,-665.0
-747.0,-665.0 -771.0,-665.0
-771.0,-665.0 -777.0,-679.0
-777.0,-679.0 -779.0,-691.0
-779.0,-691.0 -779.0,-697.0
-779.0,-697.0 -759.0,-699.0
-915.0,-987.0 -861.0,-987.0
-861.0,-987.0 -861.0,-933.0
-861.0,-933.0 -915.0,-933.0
-915.0,-933.0 -915.0,-987.0
-717.0,-437.0 -709.0,-437.0
-709.0,-437.0 -697.0,-417.0
-697.0,-417.0 -689.0,-403.0
-689.0,-403.0 -689.0,-393.0
-689.0,-393.0 -737.0,-393.0
-737.0,-393.0 -737.0,-403.0
-737.0,-403.0 -723.0,-427.0
-723.0,-427.0 -717.0,-437.0
-823.0,-581.0 -787.0,-581.0
-787.0,-581.0 -787.0,-545.0
-787.0,-545.0 -823.0,-545.0
-823.0,-545.0 -823.0,-581.0
-1085.0,-1165.0 -1019.0,-1165.0
-1019.0,-1165.0 -1019.0,-1099.0
-1019.0,-1099.0 -1085.0,-1099.0
-1085.0,-1099.0 -1085.0,-1165.0
-709.0,-999.0 -685.0,-999.0
-685.0,-999.0 -685.0,-973.0
-685.0,-973.0 -709.0,-973.0
-709.0,-973.0 -709.0,-999.0
-307.0,-891.0 -241.0,-891.0
-241.0,-891.0 -241.0,-825.0
-241.0,-825.0 -307.0,-825.0
-307.0,-825.0 -307.0,-891.0
-1155.0,-691.0 -1119.0,-691.0
-1119.0,-691.0 -1119.0,-653.0
-1119.0,-653.0 -1155.0,-653.0
-1155.0,-653.0 -1155.0,-691.0
-1243.0,-631.0 -1207.0,-631.0
-1207.0,-631.0 -1207.0,-595.0
-1207.0,-595.0 -1243.0,-595.0
-1243.0,-595.0 -1243.0,-631.0
-611.0,-491.0 -581.0,-491.0
-581.0,-491.0 -581.0,-439.0
-581.0,-439.0 -633.0,-439.0
-633.0,-439.0 -633.0,-469.0
-633.0,-469.0 -611.0,-491.0
-557.0,-453.0 -521.0,-453.0
-521.0,-453.0 -521.0,-417.0
-521.0,-417.0 -557.0,-417.0
-557.0,-417.0 -557.0,-453.0
-645.0,-659.0 -609.0,-659.0
-609.0,-659.0 -609.0,-623.0
-609.0,-623.0 -645.0,-623.0
-645.0,-623.0 -645.0,-659.0
-581.0,-659.0 -543.0,-659.0
-543.0,-659.0 -543.0,-623.0
-543.0,-623.0 -581.0,-623.0
-581.0,-623.0 -581.0,-659.0
-545.0,-565.0 -509.0,-565.0
-509.0,-565.0 -509.0,-533.0
-509.0,-533.0 -511.0,-531.0
-511.0,-531.0 -521.0,-529.0
-521.0,-529.0 -545.0,-529.0
-545.0,-529.0 -545.0,-565.0
-537.0,-623.0 -505.0,-623.0
-505.0,-623.0 -505.0,-617.0
-505.0,-617.0 -517.0,-593.0
-517.0,-593.0 -523.0,-593.0
-523.0,-593.0 -531.0,-605.0
-531.0,-605.0 -537.0,-617.0
-537.0,-617.0 -537.0,-623.0
-1085.0,-783.0 -1019.0,-783.0
-1019.0,-783.0 -1019.0,-717.0
-1019.0,-717.0 -1085.0,-717.0
-1085.0,-717.0 -1085.0,-783.0
-713.0,-619.0 -681.0,-619.0
-681.0,-619.0 -677.0,-615.0
-677.0,-615.0 -677.0,-583.0
-677.0,-583.0 -713.0,-583.0
-713.0,-583.0 -713.0,-619.0
-649.0,-613.0 -615.0,-613.0
-615.0,-613.0 -615.0,-577.0
-615.0,-577.0 -651.0,-577.0
-651.0,-577.0 -651.0,-609.0
-651.0,-609.0 -649.0,-613.0
-1239.0,-675.0 -1203.0,-675.0
-1203.0,-675.0 -1203.0,-639.0
-1203.0,-639.0 -1239.0,-639.0
-1239.0,-639.0 -1239.0,-675.0
-1239.0,-1149.0 -1203.0,-1149.0
-1203.0,-1149.0 -1203.0,-1113.0
-1203.0,-1113.0 -1239.0,-1113.0
-1239.0,-1113.0 -1239.0,-1149.0
-1253.0,-779.0 -1193.0,-779.0
-1193.0,-779.0 -1193.0,-719.0
-1193.0,-719.0 -1253.0,-719.0
-1253.0,-719.0 -1253.0,-779.0
-825.0,-425.0 -787.0,-425.0
-787.0,-425.0 -787.0,-389.0
-787.0,-389.0 -825.0,-389.0
-825.0,-389.0 -825.0,-425.0
-697.0,-699.0 -685.0,-699.0
-685.0,-699.0 -685.0,-691.0
-685.0,-691.0 -687.0,-665.0
-687.0,-665.0 -709.0,-665.0
-709.0,-665.0 -717.0,-679.0
-717.0,-679.0 -717.0,-697.0
-717.0,-697.0 -697.0,-699.0
-147.0,-893.0 -75.0,-893.0
-75.0,-893.0 -75.0,-821.0
-75.0,-821.0 -147.0,-821.0
-147.0,-821.0 -147.0,-893.0
61.0,-809.0 49.0,-659.0
61.0,-809.0 -217.0,-551.0
61.0,-809.0 -311.0,-779.0
61.0,-809.0 -357.0,-417.0
61.0,-809.0 -63.0,-783.0
61.0,-809.0 -21.0,-739.0
61.0,-809.0 65.0,-885.0
61.0,-809.0 103.0,-849.0
69.0,-809.0 7.0,-973.0
69.0,-809.0 -7.0,-959.0
69.0,-809.0 117.0,-659.0
69.0,-809.0 3.0,-1147.0
69.0,-809.0 -235.0,-825.0
69.0,-809.0 -77.0,-967.0
69.0,-809.0 -109.0,-935.0
69.0,-809.0 -387.0,-1107.0
69.0,-809.0 -199.0,-1135.0
69.0,-809.0 -213.0,-1121.0
69.0,-809.0 -65.0,-1007.0
69.0,-809.0 -79.0,-993.0
69.0,-809.0 65.0,-849.0
69.0,-809.0 -307.0,-825.0
69.0,-809.0 -75.0,-893.0
69.0,-809.0 -147.0,-821.0
69.0,-801.0 49.0,-659.0
69.0,-801.0 -217.0,-551.0
69.0,-801.0 -311.0,-779.0
69.0,-801.0 -357.0,-417.0
69.0,-801.0 -63.0,-783.0
69.0,-801.0 -21.0,-739.0
69.0,-801.0 103.0,-849.0
61.0,-801.0 7.0,-973.0
61.0,-801.0 -7.0,-959.0
61.0,-801.0 117.0,-659.0
61.0,-801.0 -121.0,-1049.0
61.0,-801.0 3.0,-1147.0
61.0,-801.0 -235.0,-825.0
61.0,-801.0 -77.0,-967.0
61.0,-801.0 -109.0,-935.0
61.0,-801.0 -387.0,-1107.0
61.0,-801.0 -199.0,-1135.0
61.0,-801.0 -65.0,-1007.0
61.0,-801.0 -79.0,-993.0
61.0,-801.0 -307.0,-825.0
61.0,-801.0 -75.0,-893.0
61.0,-801.0 -147.0,-821.0
-7.0,-973.0 3.0,-1115.0
-7.0,-973.0 -109.0,-967.0
-7.0,-973.0 -77.0,-935.0
-7.0,-973.0 -63.0,-783.0
-7.0,-973.0 -21.0,-739.0
-7.0,-973.0 -147.0,-893.0
-7.0,-973.0 -75.0,-821.0
7.0,-973.0 -79.0,-1129.0
7.0,-973.0 -107.0,-1063.0
7.0,-973.0 -121.0,-1049.0
7.0,-973.0 3.0,-1147.0
7.0,-973.0 -49.0,-1105.0
7.0,-973.0 -821.0,-1017.0
7.0,-973.0 -461.0,-1019.0
7.0,-973.0 -441.0,-981.0
7.0,-973.0 -353.0,-1157.0
7.0,-973.0 -1107.0,-1015.0
7.0,-973.0 -717.0,-1043.0
7.0,-973.0 45.0,-525.0
7.0,-973.0 -65.0,-1007.0
7.0,-973.0 -79.0,-993.0
7.0,-973.0 103.0,-885.0
7.0,-973.0 65.0,-849.0
7.0,-973.0 -685.0,-999.0
7.0,-959.0 -77.0,-935.0
7.0,-959.0 -217.0,-551.0
7.0,-959.0 -63.0,-783.0
7.0,-959.0 -21.0,-739.0
7.0,-959.0 -147.0,-893.0
7.0,-959.0 -75.0,-821.0
-7.0,-959.0 117.0,-659.0
-7.0,-959.0 -61.0,-1143.0
-7.0,-959.0 -81.0,-1133.0
-7.0,-959.0 -107.0,-1063.0
-7.0,-959.0 -49.0,-1105.0
-7.0,-959.0 -77.0,-967.0
-7.0,-959.0 -441.0,-1081.0
-7.0,-959.0 -461.0,-1019.0
-7.0,-959.0 -387.0,-1107.0
-7.0,-959.0 -717.0,-1043.0
-7.0,-959.0 45.0,-525.0
-7.0,-959.0 -65.0,-1007.0
-7.0,-959.0 -79.0,-993.0
-7.0,-959.0 103.0,-885.0
-7.0,-959.0 65.0,-849.0
-1119.0,-869.0 -941.0,-879.0
-1119.0,-869.0 -77.0,-935.0
-1083.0,-869.0 -1105.0,-937.0
-1083.0,-869.0 -1155.0,-931.0
-1083.0,-869.0 -983.0,-797.0
-1083.0,-869.0 -879.0,-715.0
-1083.0,-869.0 -1107.0,-1015.0
-1083.0,-869.0 -653.0,-529.0
-1083.0,-869.0 -787.0,-581.0
-1083.0,-869.0 -823.0,-545.0
-1083.0,-869.0 -633.0,-439.0
-1083.0,-869.0 -1019.0,-783.0
-1083.0,-869.0 -713.0,-583.0
-1083.0,-787.0 -993.0,-1139.0
-1083.0,-787.0 -961.0,-1081.0
-1083.0,-787.0 -985.0,-981.0
-1083.0,-787.0 -949.0,-943.0
-1083.0,-787.0 -905.0,-797.0
-1083.0,-787.0 -983.0,-875.0
-1083.0,-787.0 -1123.0,-779.0
-1083.0,-787.0 -1069.0,-1015.0
-1083.0,-787.0 -1019.0,-1099.0
-1083.0,-787.0 -1085.0,-783.0
-1083.0,-787.0 -1253.0,-779.0
-1161.0,-787.0 -1115.0,-779.0
-1161.0,-787.0 -1143.0,-737.0
-1161.0,-787.0 -1147.0,-385.0
-1161.0,-787.0 -1171.0,-1099.0
-1161.0,-787.0 -1155.0,-653.0
-1161.0,-787.0 -1019.0,-783.0
-1161.0,-787.0 -1203.0,-1149.0
-1161.0,-787.0 -1239.0,-1113.0
-1161.0,-865.0 -935.0,-1111.0
-1161.0,-865.0 -1105.0,-931.0
-1161.0,-865.0 -1155.0,-937.0
-1161.0,-865.0 -961.0,-1081.0
-1161.0,-865.0 -925.0,-1045.0
-1161.0,-865.0 -985.0,-981.0
-1161.0,-865.0 -949.0,-943.0
-1161.0,-865.0 -783.0,-937.0
-1161.0,-865.0 -1201.0,-409.0
-1161.0,-865.0 -109.0,-967.0
-1161.0,-865.0 -441.0,-945.0
-1161.0,-865.0 -711.0,-919.0
-1161.0,-865.0 -861.0,-933.0
-1161.0,-865.0 -1207.0,-595.0
-1161.0,-865.0 -1203.0,-639.0
-1161.0,-865.0 -1253.0,-779.0
-1161.0,-865.0 -1193.0,-719.0
49.0,-659.0 -405.0,-603.0
49.0,-659.0 -393.0,-565.0
49.0,-659.0 -253.0,-587.0
49.0,-659.0 -217.0,-551.0
49.0,-659.0 -611.0,-565.0
49.0,-659.0 -653.0,-565.0
49.0,-659.0 45.0,-591.0
49.0,-659.0 -393.0,-453.0
49.0,-659.0 -357.0,-417.0
49.0,-659.0 65.0,-885.0
49.0,-659.0 103.0,-849.0
49.0,-659.0 -545.0,-565.0
49.0,-659.0 -615.0,-577.0
117.0,-659.0 -81.0,-1133.0
117.0,-659.0 -121.0,-1049.0
117.0,-659.0 -405.0,-671.0
117.0,-659.0 -77.0,-967.0
117.0,-659.0 -109.0,-935.0
117.0,-659.0 -879.0,-715.0
117.0,-659.0 -391.0,-857.0
117.0,-659.0 -351.0,-715.0
117.0,-659.0 -731.0,-759.0
117.0,-659.0 -767.0,-723.0
117.0,-659.0 -251.0,-779.0
117.0,-659.0 -285.0,-727.0
117.0,-659.0 -21.0,-783.0
117.0,-659.0 -63.0,-741.0
117.0,-659.0 -65.0,-1007.0
117.0,-659.0 -79.0,-993.0
117.0,-659.0 103.0,-885.0
117.0,-659.0 65.0,-849.0
117.0,-659.0 -307.0,-825.0
117.0,-659.0 -685.0,-699.0
117.0,-659.0 -75.0,-893.0
117.0,-591.0 111.0,-525.0
-955.0,-1163.0 -107.0,-1063.0
-955.0,-1163.0 -121.0,-1049.0
-955.0,-1163.0 -441.0,-1081.0
-955.0,-1163.0 -361.0,-1161.0
-955.0,-1163.0 -381.0,-1105.0
-955.0,-1163.0 -1019.0,-1165.0
-947.0,-1161.0 -785.0,-1055.0
-947.0,-1161.0 -461.0,-1019.0
-947.0,-1161.0 -613.0,-975.0
-947.0,-1161.0 -681.0,-1081.0
-947.0,-1161.0 -717.0,-1043.0
-947.0,-1161.0 -685.0,-999.0
-935.0,-1151.0 -821.0,-1017.0
-935.0,-1151.0 -819.0,-937.0
-931.0,-1143.0 -925.0,-1081.0
-931.0,-1143.0 -861.0,-987.0
-935.0,-1111.0 -1105.0,-931.0
-935.0,-1111.0 -961.0,-1081.0
-939.0,-1107.0 -1069.0,-1015.0
-945.0,-1103.0 -1107.0,-1047.0
-951.0,-1101.0 -33.0,-1105.0
-951.0,-1101.0 -385.0,-1161.0
-951.0,-1101.0 -365.0,-1105.0
-951.0,-1101.0 -1019.0,-1099.0
-973.0,-1101.0 -925.0,-1081.0
-973.0,-1101.0 -785.0,-1055.0
-973.0,-1101.0 -441.0,-1081.0
-973.0,-1101.0 -681.0,-1081.0
-973.0,-1101.0 -717.0,-1043.0
-991.0,-1117.0 -961.0,-1045.0
-991.0,-1117.0 -949.0,-981.0
-991.0,-1117.0 -905.0,-879.0
-991.0,-1117.0 -847.0,-767.0
-991.0,-1117.0 -915.0,-933.0
-991.0,-1117.0 -1019.0,-1165.0
-993.0,-1125.0 -989.0,-405.0
-993.0,-1125.0 -985.0,-943.0
-993.0,-1125.0 -983.0,-797.0
-993.0,-1139.0 -1019.0,-717.0
-987.0,-1153.0 -1105.0,-931.0
-987.0,-1153.0 -1019.0,-1099.0
-1133.0,-975.0 -961.0,-1081.0
-1133.0,-975.0 -925.0,-1045.0
-1133.0,-975.0 -985.0,-981.0
-1133.0,-975.0 -821.0,-1055.0
-1133.0,-975.0 -785.0,-1017.0
-1133.0,-975.0 -445.0,-1019.0
-1133.0,-975.0 -1069.0,-1015.0
-1133.0,-975.0 -915.0,-987.0
-1133.0,-975.0 -709.0,-999.0
-1127.0,-975.0 -985.0,-943.0
-1127.0,-975.0 -723.0,-859.0
-1127.0,-975.0 -905.0,-879.0
-1127.0,-975.0 -781.0,-873.0
-1125.0,-973.0 -983.0,-797.0
-1125.0,-973.0 -823.0,-545.0
-1125.0,-973.0 -1239.0,-1113.0
-1121.0,-967.0 -933.0,-653.0
-1121.0,-967.0 -819.0,-463.0
-1121.0,-967.0 -1019.0,-783.0
-1105.0,-937.0 -1171.0,-1099.0
-1105.0,-937.0 -1107.0,-1015.0
-1105.0,-937.0 -1203.0,-1149.0
-1105.0,-931.0 -961.0,-1081.0
-1105.0,-931.0 -925.0,-1045.0
-1105.0,-931.0 -985.0,-981.0
-1105.0,-931.0 -949.0,-943.0
-1105.0,-931.0 -821.0,-1055.0
-1105.0,-931.0 -1069.0,-1015.0
-1105.0,-931.0 -861.0,-933.0
-1105.0,-931.0 -1019.0,-1099.0
-1105.0,-931.0 -1253.0,-779.0
-1155.0,-931.0 -905.0,-879.0
-1155.0,-931.0 -983.0,-797.0
-1155.0,-931.0 -169.0,-891.0
-1155.0,-931.0 -1171.0,-1099.0
-1155.0,-931.0 -879.0,-715.0
-1155.0,-931.0 -781.0,-873.0
-1155.0,-931.0 -391.0,-857.0
-1155.0,-931.0 -653.0,-529.0
-1155.0,-931.0 -747.0,-919.0
-1155.0,-931.0 -241.0,-891.0
-1155.0,-931.0 -713.0,-583.0
-1155.0,-931.0 -1203.0,-1149.0
-1155.0,-931.0 -1239.0,-1113.0
-1155.0,-931.0 -75.0,-893.0
-1155.0,-937.0 -1201.0,-409.0
-1155.0,-937.0 -1105.0,-1099.0
-1155.0,-937.0 -1107.0,-1047.0
-1155.0,-937.0 -1207.0,-595.0
-1155.0,-937.0 -1203.0,-639.0
-1155.0,-937.0 -1193.0,-719.0
-1135.0,-973.0 -1253.0,-779.0
-965.0,-477.0 -1127.0,-425.0
-965.0,-477.0 -1059.0,-383.0
-965.0,-477.0 -1237.0,-445.0
-965.0,-477.0 -1201.0,-409.0
-965.0,-477.0 -717.0,-665.0
-965.0,-477.0 -847.0,-757.0
-965.0,-477.0 -823.0,-811.0
-965.0,-477.0 -787.0,-773.0
-965.0,-477.0 -767.0,-759.0
-965.0,-477.0 -819.0,-499.0
-965.0,-477.0 -653.0,-565.0
-965.0,-477.0 -747.0,-665.0
-965.0,-477.0 -779.0,-697.0
-965.0,-477.0 -823.0,-581.0
-965.0,-477.0 -787.0,-545.0
-965.0,-477.0 -677.0,-583.0
-965.0,-477.0 -615.0,-577.0
-957.0,-477.0 -1035.0,-569.0
-957.0,-477.0 -1113.0,-537.0
-957.0,-477.0 -819.0,-463.0
-957.0,-477.0 -747.0,-453.0
-957.0,-477.0 -709.0,-437.0
-957.0,-477.0 -633.0,-439.0
-957.0,-477.0 -557.0,-417.0
-957.0,-477.0 -787.0,-425.0
-957.0,-477.0 -825.0,-389.0
-935.0,-451.0 -969.0,-615.0
-935.0,-451.0 -1061.0,-667.0
-935.0,-451.0 -1069.0,-1047.0
-935.0,-451.0 -1019.0,-783.0
-935.0,-451.0 -1085.0,-717.0
-935.0,-445.0 -933.0,-615.0
-935.0,-445.0 -905.0,-797.0
-935.0,-445.0 -907.0,-767.0
-935.0,-445.0 -847.0,-757.0
-935.0,-445.0 -823.0,-811.0
-947.0,-411.0 -1059.0,-383.0
-947.0,-411.0 -787.0,-773.0
-947.0,-411.0 -767.0,-759.0
-947.0,-411.0 -819.0,-499.0
-947.0,-411.0 -783.0,-463.0
-947.0,-411.0 -711.0,-453.0
-947.0,-411.0 -779.0,-697.0
-947.0,-411.0 -823.0,-581.0
-947.0,-411.0 -787.0,-545.0
-981.0,-405.0 -825.0,-425.0
-989.0,-405.0 -1035.0,-569.0
-989.0,-405.0 -1129.0,-547.0
-989.0,-405.0 -1039.0,-425.0
-989.0,-405.0 -1061.0,-667.0
-989.0,-405.0 -1019.0,-1165.0
-989.0,-405.0 -1243.0,-595.0
-989.0,-405.0 -1019.0,-783.0
-989.0,-405.0 -825.0,-389.0
-989.0,-411.0 -985.0,-981.0
-989.0,-411.0 -969.0,-653.0
-989.0,-411.0 -933.0,-615.0
-989.0,-411.0 -983.0,-875.0
-961.0,-1081.0 -985.0,-981.0
-961.0,-1081.0 -33.0,-1105.0
-961.0,-1081.0 -385.0,-1161.0
-961.0,-1081.0 -365.0,-1105.0
-961.0,-1081.0 -1107.0,-1047.0
-961.0,-1081.0 -1069.0,-1015.0
-925.0,-1081.0 -785.0,-1055.0
-925.0,-1081.0 -821.0,-1017.0
-925.0,-1081.0 -783.0,-973.0
-925.0,-1081.0 -819.0,-937.0
-925.0,-1081.0 -1171.0,-1099.0
-925.0,-1081.0 -781.0,-873.0
-925.0,-1081.0 -717.0,-1043.0
-925.0,-1081.0 -861.0,-987.0
-925.0,-1081.0 -915.0,-933.0
-925.0,-1081.0 -1085.0,-1099.0
-925.0,-1045.0 -985.0,-981.0
-925.0,-1045.0 -949.0,-943.0
-925.0,-1045.0 -821.0,-1055.0
-925.0,-1045.0 -385.0,-1161.0
-925.0,-1045.0 -1069.0,-1015.0
-925.0,-1045.0 -717.0,-1081.0
-961.0,-1045.0 -949.0,-981.0
-961.0,-1045.0 -821.0,-1017.0
-961.0,-1045.0 -783.0,-973.0
-961.0,-1045.0 -905.0,-879.0
-961.0,-1045.0 -1171.0,-1099.0
-961.0,-1045.0 -847.0,-767.0
-961.0,-1045.0 -649.0,-937.0
-961.0,-1045.0 -1069.0,-1047.0
-961.0,-1045.0 -711.0,-955.0
-961.0,-1045.0 -861.0,-987.0
-961.0,-1045.0 -915.0,-933.0
-961.0,-1045.0 -1019.0,-1165.0
-961.0,-1045.0 -1085.0,-1099.0
-961.0,-1045.0 -709.0,-973.0
-961.0,-1045.0 -1239.0,-1113.0
-985.0,-981.0 -821.0,-1055.0
-985.0,-981.0 -785.0,-1017.0
-985.0,-981.0 -1033.0,-553.0
-985.0,-981.0 -1039.0,-419.0
-985.0,-981.0 -915.0,-987.0
-985.0,-981.0 -1085.0,-783.0
-985.0,-981.0 -1019.0,-717.0
-949.0,-981.0 -905.0,-879.0
-949.0,-981.0 -847.0,-767.0
-949.0,-981.0 -823.0,-773.0
-949.0,-981.0 -711.0,-491.0
-949.0,-981.0 -1069.0,-1047.0
-949.0,-981.0 -1107.0,-1015.0
-949.0,-981.0 -771.0,-665.0
-949.0,-981.0 -915.0,-933.0
-949.0,-981.0 -1019.0,-1165.0
-949.0,-981.0 -1085.0,-1099.0
-949.0,-943.0 -983.0,-875.0
-949.0,-943.0 -915.0,-987.0
-949.0,-943.0 -1085.0,-783.0
-985.0,-943.0 -723.0,-859.0
-985.0,-943.0 -905.0,-879.0
-985.0,-943.0 -983.0,-797.0
-985.0,-943.0 -781.0,-873.0
-985.0,-943.0 -817.0,-837.0
-985.0,-943.0 -391.0,-857.0
-985.0,-943.0 -787.0,-811.0
-985.0,-943.0 -1069.0,-1047.0
-985.0,-943.0 -1107.0,-1015.0
-985.0,-943.0 -915.0,-933.0
-985.0,-943.0 -1019.0,-1165.0
-985.0,-943.0 -1085.0,-1099.0
-985.0,-943.0 -543.0,-659.0
-733.0,-859.0 -307.0,-891.0
-723.0,-859.0 -405.0,-671.0
-723.0,-859.0 -781.0,-873.0
-723.0,-859.0 -391.0,-857.0
-723.0,-859.0 -351.0,-715.0
-723.0,-859.0 -217.0,-587.0
-723.0,-859.0 45.0,-525.0
-723.0,-859.0 -915.0,-933.0
-717.0,-855.0 -783.0,-973.0
-717.0,-855.0 -819.0,-937.0
-717.0,-855.0 -715.0,-699.0
-717.0,-855.0 -471.0,-603.0
-717.0,-855.0 -747.0,-919.0
-717.0,-855.0 -609.0,-659.0
-717.0,-855.0 -645.0,-623.0
-717.0,-855.0 -543.0,-659.0
-717.0,-855.0 -581.0,-623.0
-717.0,-855.0 -505.0,-623.0
-717.0,-855.0 -651.0,-577.0
-717.0,-855.0 -685.0,-699.0
-717.0,-823.0 -121.0,-1063.0
-717.0,-823.0 -107.0,-1049.0
-717.0,-823.0 -553.0,-943.0
-717.0,-823.0 -933.0,-615.0
-717.0,-823.0 -1127.0,-425.0
-717.0,-823.0 -431.0,-1025.0
-717.0,-823.0 -477.0,-981.0
-717.0,-823.0 -441.0,-945.0
-717.0,-823.0 -787.0,-773.0
-717.0,-823.0 -649.0,-975.0
-717.0,-823.0 -613.0,-937.0
-717.0,-823.0 -767.0,-759.0
-717.0,-823.0 -731.0,-723.0
-717.0,-823.0 -711.0,-919.0
-717.0,-823.0 -685.0,-973.0
-723.0,-821.0 -109.0,-967.0
-723.0,-821.0 -77.0,-935.0
-723.0,-821.0 -397.0,-857.0
-723.0,-821.0 -823.0,-811.0
-723.0,-821.0 -79.0,-1007.0
-723.0,-821.0 -65.0,-993.0
-723.0,-821.0 -307.0,-891.0
-747.0,-821.0 -817.0,-837.0
-747.0,-821.0 -351.0,-715.0
-753.0,-823.0 -785.0,-1055.0
-753.0,-823.0 -783.0,-973.0
-753.0,-823.0 -405.0,-671.0
-753.0,-823.0 -471.0,-603.0
-753.0,-823.0 -781.0,-873.0
-753.0,-823.0 -731.0,-759.0
-753.0,-823.0 45.0,-525.0
-753.0,-823.0 -609.0,-659.0
-753.0,-823.0 -543.0,-659.0
-753.0,-823.0 -685.0,-699.0
-753.0,-857.0 -553.0,-943.0
-753.0,-857.0 -109.0,-967.0
-753.0,-857.0 -77.0,-935.0
-753.0,-857.0 -441.0,-945.0
-753.0,-857.0 -781.0,-837.0
-753.0,-857.0 -787.0,-773.0
-753.0,-857.0 -649.0,-975.0
-753.0,-857.0 -613.0,-937.0
-753.0,-857.0 -767.0,-759.0
-753.0,-857.0 -747.0,-955.0
-753.0,-857.0 -711.0,-919.0
-753.0,-857.0 -79.0,-1007.0
-753.0,-857.0 -65.0,-993.0
-753.0,-857.0 -779.0,-697.0
-753.0,-857.0 -823.0,-581.0
-77.0,-1147.0 -49.0,-1157.0
-77.0,-1147.0 -437.0,-1021.0
-77.0,-1147.0 -477.0,-981.0
-77.0,-1147.0 -441.0,-945.0
-77.0,-1147.0 -397.0,-857.0
-77.0,-1147.0 -767.0,-759.0
-77.0,-1147.0 -731.0,-723.0
-77.0,-1147.0 -213.0,-1135.0
-77.0,-1147.0 -199.0,-1121.0
-77.0,-1147.0 -645.0,-659.0
-77.0,-1147.0 -713.0,-619.0
-77.0,-1147.0 -687.0,-665.0
-65.0,-1147.0 -361.0,-1161.0
-61.0,-1143.0 -49.0,-1105.0
-61.0,-1143.0 45.0,-525.0
-61.0,-1143.0 -21.0,-783.0
-61.0,-1131.0 -121.0,-1063.0
-61.0,-1131.0 -107.0,-1049.0
-61.0,-1131.0 -49.0,-1157.0
-61.0,-1131.0 -109.0,-967.0
-61.0,-1131.0 -63.0,-783.0
-61.0,-1131.0 -79.0,-1007.0
-61.0,-1131.0 -65.0,-993.0
-61.0,-1131.0 -147.0,-893.0
-65.0,-1127.0 -463.0,-1081.0
-65.0,-1127.0 -437.0,-1021.0
-65.0,-1127.0 -873.0,-715.0
-65.0,-1127.0 -477.0,-981.0
-65.0,-1127.0 -441.0,-945.0
-65.0,-1127.0 -365.0,-1105.0
-65.0,-1127.0 -397.0,-857.0
-65.0,-1127.0 -787.0,-773.0
-65.0,-1127.0 -767.0,-759.0
-65.0,-1127.0 -731.0,-723.0
-65.0,-1127.0 -199.0,-1121.0
-65.0,-1127.0 -307.0,-891.0
-65.0,-1127.0 -645.0,-659.0
-65.0,-1127.0 -713.0,-619.0
-65.0,-1127.0 -687.0,-665.0
-77.0,-1127.0 -49.0,-1105.0
-77.0,-1127.0 -361.0,-1161.0
-77.0,-1127.0 -199.0,-1135.0
-79.0,-1129.0 103.0,-885.0
-81.0,-1133.0 45.0,-525.0
-81.0,-1133.0 -21.0,-783.0
-81.0,-1133.0 -65.0,-1007.0
-81.0,-1133.0 -79.0,-993.0
-81.0,-1141.0 -107.0,-1049.0
-81.0,-1141.0 -169.0,-825.0
-81.0,-1141.0 -109.0,-967.0
-81.0,-1141.0 -147.0,-893.0
-79.0,-1145.0 -121.0,-1063.0
-79.0,-1145.0 -235.0,-891.0
-79.0,-1145.0 -307.0,-891.0
-121.0,-1063.0 -3.0,-1107.0
-121.0,-1063.0 -591.0,-979.0
-121.0,-1063.0 -1129.0,-593.0
-121.0,-1063.0 -235.0,-891.0
-121.0,-1063.0 -169.0,-825.0
-121.0,-1063.0 -445.0,-1019.0
-121.0,-1063.0 -873.0,-715.0
-121.0,-1063.0 -477.0,-981.0
-121.0,-1063.0 -441.0,-945.0
-121.0,-1063.0 -397.0,-857.0
-121.0,-1063.0 -217.0,-551.0
-121.0,-1063.0 -787.0,-773.0
-121.0,-1063.0 -649.0,-975.0
-121.0,-1063.0 -767.0,-759.0
-121.0,-1063.0 -731.0,-723.0
-121.0,-1063.0 -685.0,-973.0
-121.0,-1063.0 -307.0,-891.0
-121.0,-1063.0 -687.0,-665.0
-121.0,-1063.0 -147.0,-893.0
-107.0,-1063.0 -77.0,-967.0
-107.0,-1063.0 -441.0,-1081.0
-107.0,-1063.0 -361.0,-1161.0
-107.0,-1063.0 -381.0,-1105.0
-107.0,-1063.0 -199.0,-1135.0
-107.0,-1063.0 -213.0,-1121.0
-107.0,-1063.0 -65.0,-1007.0
-107.0,-1063.0 -79.0,-993.0
-107.0,-1063.0 65.0,-849.0
-107.0,-1049.0 -3.0,-1107.0
-107.0,-1049.0 -591.0,-979.0
-107.0,-1049.0 -235.0,-891.0
-107.0,-1049.0 -169.0,-825.0
-107.0,-1049.0 -109.0,-967.0
-107.0,-1049.0 -445.0,-1019.0
-107.0,-1049.0 -873.0,-715.0
-107.0,-1049.0 -477.0,-981.0
-107.0,-1049.0 -441.0,-945.0
-107.0,-1049.0 -397.0,-857.0
-107.0,-1049.0 -787.0,-773.0
-107.0,-1049.0 -649.0,-975.0
-107.0,-1049.0 -767.0,-759.0
-107.0,-1049.0 -731.0,-723.0
-107.0,-1049.0 -779.0,-697.0
-107.0,-1049.0 -685.0,-973.0
-107.0,-1049.0 -307.0,-891.0
-107.0,-1049.0 -147.0,-893.0
-121.0,-1049.0 -77.0,-967.0
-121.0,-1049.0 -109.0,-935.0
-121.0,-1049.0 -441.0,-1081.0
-121.0,-1049.0 -361.0,-1161.0
-121.0,-1049.0 -381.0,-1105.0
-121.0,-1049.0 -199.0,-1135.0
-121.0,-1049.0 -213.0,-1121.0
-121.0,-1049.0 -65.0,-1007.0
-121.0,-1049.0 -79.0,-993.0
-49.0,-1157.0 -109.0,-967.0
-49.0,-1157.0 -437.0,-1021.0
-49.0,-1157.0 -63.0,-783.0
-49.0,-1157.0 -213.0,-1135.0
-49.0,-1157.0 -199.0,-1121.0
-49.0,-1157.0 -79.0,-1007.0
-49.0,-1157.0 -65.0,-993.0
-49.0,-1157.0 -147.0,-893.0
-49.0,-1157.0 -75.0,-821.0
1.0,-1157.0 -361.0,-1161.0
1.0,-1157.0 103.0,-885.0
1.0,-1157.0 65.0,-849.0
3.0,-1147.0 45.0,-525.0
3.0,-1115.0 -77.0,-935.0
3.0,-1115.0 -63.0,-783.0
3.0,-1115.0 -75.0,-821.0
1.0,-1111.0 -79.0,-1007.0
1.0,-1111.0 -65.0,-993.0
-3.0,-1107.0 -591.0,-979.0
-3.0,-1107.0 -235.0,-891.0
-3.0,-1107.0 -445.0,-1019.0
-3.0,-1107.0 -477.0,-981.0
-3.0,-1107.0 -441.0,-945.0
-3.0,-1107.0 -397.0,-857.0
-3.0,-1107.0 -649.0,-975.0
-3.0,-1107.0 -747.0,-955.0
-3.0,-1107.0 -307.0,-891.0
-33.0,-1105.0 -463.0,-1081.0
-33.0,-1105.0 -717.0,-1081.0
-33.0,-1105.0 -1019.0,-1099.0
-49.0,-1105.0 45.0,-525.0
-49.0,-1105.0 -21.0,-783.0
-49.0,-1105.0 -199.0,-1135.0
-49.0,-1105.0 -213.0,-1121.0
-49.0,-1105.0 103.0,-885.0
-49.0,-1105.0 65.0,-849.0
-591.0,-979.0 -437.0,-1021.0
-591.0,-979.0 -475.0,-1075.0
-591.0,-979.0 -477.0,-981.0
-591.0,-979.0 -389.0,-1159.0
-591.0,-979.0 -649.0,-975.0
-591.0,-979.0 -613.0,-937.0
-591.0,-979.0 -611.0,-565.0
-591.0,-979.0 -79.0,-1007.0
-591.0,-979.0 -65.0,-993.0
-591.0,-979.0 -685.0,-973.0
-591.0,-979.0 -645.0,-659.0
-591.0,-979.0 -609.0,-623.0
-591.0,-979.0 -677.0,-583.0
-591.0,-979.0 -687.0,-665.0
-553.0,-979.0 -785.0,-1055.0
-553.0,-979.0 -469.0,-439.0
-553.0,-979.0 -405.0,-671.0
-553.0,-979.0 -471.0,-603.0
-553.0,-979.0 -477.0,-945.0
-553.0,-979.0 -343.0,-829.0
-553.0,-979.0 -397.0,-743.0
-553.0,-979.0 -251.0,-779.0
-553.0,-979.0 -681.0,-1081.0
-553.0,-979.0 -717.0,-1043.0
-553.0,-979.0 -685.0,-999.0
-553.0,-979.0 -307.0,-825.0
-553.0,-979.0 -543.0,-659.0
-553.0,-979.0 -505.0,-623.0
-553.0,-979.0 -537.0,-617.0
-553.0,-943.0 -983.0,-875.0
-553.0,-943.0 -431.0,-1025.0
-553.0,-943.0 -481.0,-1067.0
-553.0,-943.0 -477.0,-981.0
-553.0,-943.0 -441.0,-945.0
-553.0,-943.0 -817.0,-873.0
-553.0,-943.0 -613.0,-937.0
-553.0,-943.0 -767.0,-759.0
-553.0,-943.0 -731.0,-723.0
-553.0,-943.0 -611.0,-565.0
-553.0,-943.0 -617.0,-533.0
-553.0,-943.0 -711.0,-919.0
-553.0,-943.0 -213.0,-1135.0
-553.0,-943.0 -199.0,-1121.0
-553.0,-943.0 -645.0,-659.0
-553.0,-943.0 -609.0,-623.0
-553.0,-943.0 -581.0,-659.0
-553.0,-943.0 -677.0,-583.0
-553.0,-943.0 -615.0,-577.0
-553.0,-943.0 -687.0,-665.0
-591.0,-943.0 -405.0,-671.0
-591.0,-943.0 -471.0,-603.0
-591.0,-943.0 -169.0,-891.0
-591.0,-943.0 -109.0,-935.0
-591.0,-943.0 -391.0,-857.0
-591.0,-943.0 -397.0,-743.0
-591.0,-943.0 -253.0,-551.0
-591.0,-943.0 -613.0,-975.0
-591.0,-943.0 -681.0,-1081.0
-591.0,-943.0 103.0,-885.0
-591.0,-943.0 -241.0,-891.0
-591.0,-943.0 -307.0,-825.0
-591.0,-943.0 -543.0,-659.0
-591.0,-943.0 -581.0,-623.0
-591.0,-943.0 -505.0,-623.0
-591.0,-943.0 -75.0,-893.0
-821.0,-1055.0 -905.0,-797.0
-821.0,-1055.0 -907.0,-767.0
-821.0,-1055.0 -847.0,-757.0
-821.0,-1055.0 -823.0,-811.0
-821.0,-1055.0 -1069.0,-1015.0
-821.0,-1055.0 -717.0,-1081.0
-821.0,-1055.0 -915.0,-987.0
-821.0,-1055.0 -861.0,-933.0
-785.0,-1055.0 -783.0,-973.0
-785.0,-1055.0 -109.0,-935.0
-785.0,-1055.0 -441.0,-981.0
-785.0,-1055.0 -613.0,-975.0
-785.0,-1055.0 -767.0,-723.0
-785.0,-1055.0 -717.0,-1043.0
-785.0,-1055.0 -711.0,-955.0
-785.0,-1055.0 -747.0,-919.0
-785.0,-1055.0 103.0,-885.0
-785.0,-1055.0 -685.0,-999.0
-785.0,-1055.0 -709.0,-973.0
-785.0,-1017.0 -819.0,-973.0
-785.0,-1017.0 -463.0,-1081.0
-785.0,-1017.0 -445.0,-1019.0
-785.0,-1017.0 -365.0,-1105.0
-785.0,-1017.0 -1069.0,-1015.0
-785.0,-1017.0 -717.0,-1081.0
-785.0,-1017.0 -685.0,-1045.0
-785.0,-1017.0 -213.0,-1135.0
-785.0,-1017.0 -915.0,-987.0
-785.0,-1017.0 -861.0,-933.0
-821.0,-1017.0 -783.0,-973.0
-821.0,-1017.0 -819.0,-937.0
-821.0,-1017.0 -77.0,-967.0
-821.0,-1017.0 -441.0,-981.0
-821.0,-1017.0 -817.0,-837.0
-821.0,-1017.0 -649.0,-937.0
-821.0,-1017.0 -1069.0,-1047.0
-821.0,-1017.0 -711.0,-955.0
-821.0,-1017.0 -65.0,-1007.0
-821.0,-1017.0 -79.0,-993.0
-821.0,-1017.0 -685.0,-999.0
-821.0,-1017.0 -709.0,-973.0
-969.0,-653.0 -819.0,-973.0
-969.0,-653.0 -905.0,-797.0
-969.0,-653.0 -1129.0,-593.0
-969.0,-653.0 -1035.0,-547.0
-969.0,-653.0 -1039.0,-419.0
-969.0,-653.0 -1061.0,-629.0
-969.0,-653.0 -717.0,-665.0
-969.0,-653.0 -471.0,-671.0
-969.0,-653.0 -907.0,-767.0
-969.0,-653.0 -873.0,-715.0
-969.0,-653.0 -441.0,-945.0
-969.0,-653.0 -767.0,-759.0
-969.0,-653.0 -731.0,-723.0
-969.0,-653.0 -747.0,-665.0
-969.0,-653.0 -779.0,-697.0
-969.0,-653.0 -645.0,-659.0
-969.0,-653.0 -687.0,-665.0
-933.0,-653.0 -983.0,-797.0
-933.0,-653.0 -1143.0,-737.0
-933.0,-653.0 -1061.0,-667.0
-933.0,-653.0 -1171.0,-1099.0
-933.0,-653.0 -783.0,-499.0
-933.0,-653.0 -819.0,-463.0
-933.0,-653.0 -1107.0,-1015.0
-933.0,-653.0 -653.0,-529.0
-933.0,-653.0 -787.0,-581.0
-933.0,-653.0 -823.0,-545.0
-933.0,-653.0 -1119.0,-691.0
-933.0,-653.0 -581.0,-491.0
-933.0,-653.0 -645.0,-623.0
-933.0,-653.0 -1019.0,-783.0
-933.0,-653.0 -1085.0,-717.0
-933.0,-653.0 -681.0,-619.0
-933.0,-653.0 -713.0,-583.0
-933.0,-653.0 -615.0,-613.0
-933.0,-653.0 -1203.0,-1149.0
-933.0,-653.0 -1253.0,-719.0
-933.0,-653.0 -825.0,-389.0
-933.0,-615.0 -905.0,-797.0
-933.0,-615.0 -1129.0,-593.0
-933.0,-615.0 -1039.0,-541.0
-933.0,-615.0 -1127.0,-425.0
-933.0,-615.0 -1039.0,-419.0
-933.0,-615.0 -1201.0,-409.0
-933.0,-615.0 -717.0,-665.0
-933.0,-615.0 -907.0,-767.0
-933.0,-615.0 -869.0,-719.0
-933.0,-615.0 -343.0,-715.0
-933.0,-615.0 -787.0,-773.0
-933.0,-615.0 -767.0,-759.0
-933.0,-615.0 -731.0,-723.0
-933.0,-615.0 -747.0,-665.0
-933.0,-615.0 -779.0,-697.0
-933.0,-615.0 -1207.0,-595.0
-933.0,-615.0 -645.0,-659.0
-933.0,-615.0 -609.0,-623.0
-933.0,-615.0 -543.0,-623.0
-933.0,-615.0 -537.0,-623.0
-933.0,-615.0 -713.0,-619.0
-933.0,-615.0 -687.0,-665.0
-969.0,-615.0 -983.0,-797.0
-969.0,-615.0 -1143.0,-737.0
-969.0,-615.0 -1061.0,-667.0
-969.0,-615.0 -1093.0,-629.0
-969.0,-615.0 -783.0,-499.0
-969.0,-615.0 -819.0,-463.0
-969.0,-615.0 -711.0,-491.0
-969.0,-615.0 -1069.0,-1047.0
-969.0,-615.0 -575.0,-565.0
-969.0,-615.0 -617.0,-565.0
-969.0,-615.0 -787.0,-581.0
-969.0,-615.0 -823.0,-545.0
-969.0,-615.0 -1019.0,-1165.0
-969.0,-615.0 -1207.0,-631.0
-969.0,-615.0 -1019.0,-783.0
-969.0,-615.0 -1085.0,-717.0
-969.0,-615.0 -713.0,-583.0
-969.0,-615.0 -1239.0,-639.0
-969.0,-615.0 -787.0,-425.0
-969.0,-615.0 -825.0,-389.0
-819.0,-973.0 -905.0,-797.0
-819.0,-973.0 -463.0,-1081.0
-819.0,-973.0 -907.0,-767.0
-819.0,-973.0 -847.0,-757.0
-819.0,-973.0 -385.0,-1161.0
-819.0,-973.0 -823.0,-811.0
-819.0,-973.0 -717.0,-1081.0
-819.0,-973.0 -681.0,-1047.0
-819.0,-973.0 -861.0,-933.0
-819.0,-973.0 -709.0,-999.0
-783.0,-973.0 -1171.0,-1099.0
-783.0,-973.0 -781.0,-873.0
-783.0,-973.0 -767.0,-723.0
-783.0,-973.0 -1069.0,-1047.0
-783.0,-973.0 -711.0,-955.0
-783.0,-973.0 -747.0,-919.0
-783.0,-973.0 -861.0,-987.0
-783.0,-973.0 -581.0,-623.0
-783.0,-973.0 -1239.0,-1113.0
-783.0,-937.0 -905.0,-797.0
-783.0,-937.0 -983.0,-875.0
-783.0,-937.0 -907.0,-767.0
-783.0,-937.0 -817.0,-873.0
-783.0,-937.0 -717.0,-1081.0
-783.0,-937.0 -681.0,-1047.0
-783.0,-937.0 -747.0,-955.0
-783.0,-937.0 -861.0,-933.0
-783.0,-937.0 -709.0,-999.0
-819.0,-937.0 -405.0,-671.0
-819.0,-937.0 -781.0,-873.0
-819.0,-937.0 -817.0,-837.0
-819.0,-937.0 -351.0,-715.0
-819.0,-937.0 -217.0,-587.0
-819.0,-937.0 -747.0,-919.0
-819.0,-937.0 45.0,-525.0
-819.0,-937.0 -861.0,-987.0
-941.0,-879.0 -77.0,-935.0
-941.0,-879.0 -307.0,-891.0
-905.0,-879.0 -847.0,-767.0
-905.0,-879.0 -781.0,-873.0
-905.0,-879.0 -817.0,-837.0
-905.0,-879.0 -391.0,-857.0
-905.0,-879.0 -787.0,-811.0
-905.0,-879.0 -823.0,-773.0
-905.0,-879.0 -1107.0,-1015.0
-905.0,-879.0 -771.0,-665.0
-905.0,-879.0 -915.0,-933.0
-905.0,-879.0 -1019.0,-1165.0
-905.0,-879.0 -633.0,-439.0
-905.0,-797.0 -1035.0,-547.0
-905.0,-797.0 -1061.0,-629.0
-905.0,-797.0 -907.0,-767.0
-905.0,-797.0 -817.0,-873.0
-905.0,-797.0 -781.0,-837.0
-905.0,-797.0 -823.0,-811.0
-905.0,-797.0 -681.0,-1047.0
-905.0,-797.0 -747.0,-955.0
-905.0,-797.0 -861.0,-933.0
-905.0,-797.0 -709.0,-999.0
-905.0,-797.0 -1085.0,-783.0
-905.0,-797.0 -1019.0,-717.0
-983.0,-797.0 -1171.0,-1099.0
-983.0,-797.0 -847.0,-767.0
-983.0,-797.0 -879.0,-715.0
-983.0,-797.0 -823.0,-773.0
-983.0,-797.0 -731.0,-759.0
-983.0,-797.0 -819.0,-463.0
-983.0,-797.0 -1069.0,-1047.0
-983.0,-797.0 -1107.0,-1015.0
-983.0,-797.0 -653.0,-529.0
-983.0,-797.0 -787.0,-581.0
-983.0,-797.0 -823.0,-545.0
-983.0,-797.0 -1019.0,-1165.0
-983.0,-797.0 -1085.0,-1099.0
-983.0,-797.0 -633.0,-439.0
-983.0,-797.0 -713.0,-583.0
-983.0,-797.0 -1203.0,-1149.0
-983.0,-797.0 -825.0,-389.0
-983.0,-875.0 -1033.0,-553.0
-983.0,-875.0 -1039.0,-419.0
-983.0,-875.0 -109.0,-967.0
-983.0,-875.0 -441.0,-945.0
-983.0,-875.0 -711.0,-919.0
-983.0,-875.0 -65.0,-993.0
-983.0,-875.0 -915.0,-987.0
-983.0,-875.0 -861.0,-933.0
-983.0,-875.0 -1085.0,-783.0
-983.0,-875.0 -1019.0,-717.0
-1129.0,-593.0 -873.0,-715.0
-1129.0,-593.0 -767.0,-759.0
-1129.0,-593.0 -713.0,-619.0
-1101.0,-593.0 -357.0,-565.0
-1101.0,-593.0 -787.0,-581.0
-1101.0,-593.0 -823.0,-545.0
-1101.0,-593.0 -1243.0,-595.0
-1101.0,-593.0 -581.0,-491.0
-1101.0,-593.0 -713.0,-583.0
-1101.0,-593.0 -651.0,-577.0
-1049.0,-581.0 -783.0,-499.0
-1049.0,-581.0 -711.0,-491.0
-1049.0,-581.0 -1207.0,-631.0
-1045.0,-579.0 -819.0,-463.0
-1045.0,-579.0 -1155.0,-653.0
-1045.0,-579.0 -1203.0,-675.0
-1045.0,-579.0 -787.0,-425.0
-1045.0,-579.0 -825.0,-389.0
-1035.0,-569.0 -1061.0,-667.0
-1035.0,-569.0 -1093.0,-629.0
-1033.0,-553.0 -1039.0,-419.0
-1033.0,-553.0 -1019.0,-717.0
-1035.0,-547.0 -907.0,-767.0
-1039.0,-541.0 -1127.0,-425.0
-1039.0,-541.0 -1201.0,-409.0
-1045.0,-537.0 -779.0,-697.0
-1049.0,-535.0 -1237.0,-445.0
-1049.0,-535.0 -717.0,-665.0
-1049.0,-535.0 -747.0,-665.0
-1049.0,-535.0 -687.0,-665.0
-1055.0,-533.0 -645.0,-659.0
-1055.0,-533.0 -713.0,-619.0
-1063.0,-531.0 -823.0,-581.0
-1063.0,-531.0 -787.0,-545.0
-1083.0,-531.0 -417.0,-491.0
-1083.0,-531.0 -393.0,-527.0
-1083.0,-531.0 -783.0,-499.0
-1083.0,-531.0 -653.0,-529.0
-1083.0,-531.0 -581.0,-491.0
-1113.0,-537.0 -1243.0,-595.0
-1113.0,-537.0 -787.0,-425.0
-1129.0,-547.0 -1207.0,-631.0
-1137.0,-557.0 -1039.0,-425.0
-1137.0,-557.0 -1203.0,-675.0
-1139.0,-561.0 -1155.0,-653.0
-1139.0,-561.0 -1239.0,-1113.0
-1139.0,-561.0 -1193.0,-779.0
-1139.0,-583.0 -1147.0,-391.0
-1139.0,-583.0 -1201.0,-409.0
-1139.0,-583.0 -1119.0,-653.0
-1137.0,-587.0 -1093.0,-667.0
-1137.0,-587.0 -1237.0,-445.0
-1133.0,-591.0 -1061.0,-629.0
-1123.0,-779.0 -1085.0,-783.0
-1123.0,-779.0 -1239.0,-675.0
-1123.0,-779.0 -1203.0,-639.0
-1123.0,-779.0 -1193.0,-719.0
-1095.0,-743.0 -1093.0,-629.0
-1095.0,-743.0 -1085.0,-717.0
-1095.0,-737.0 -1155.0,-691.0
-1095.0,-737.0 -1119.0,-653.0
-1095.0,-737.0 -1085.0,-783.0
-1095.0,-737.0 -1239.0,-675.0
-1095.0,-737.0 -1193.0,-719.0
-1143.0,-737.0 -1061.0,-667.0
-1143.0,-737.0 -819.0,-463.0
-1143.0,-737.0 -737.0,-393.0
-1143.0,-737.0 -1119.0,-691.0
-1143.0,-737.0 -1085.0,-717.0
-1143.0,-737.0 -713.0,-583.0
-1143.0,-737.0 -1193.0,-779.0
-1143.0,-743.0 -1237.0,-445.0
-1143.0,-743.0 -1155.0,-691.0
-1143.0,-743.0 -1207.0,-595.0
-1127.0,-425.0 -1201.0,-409.0
-1127.0,-425.0 -717.0,-665.0
-1127.0,-425.0 -767.0,-759.0
-1127.0,-425.0 -747.0,-665.0
-1127.0,-425.0 -779.0,-697.0
-1127.0,-425.0 -823.0,-581.0
-1127.0,-425.0 -787.0,-545.0
-1127.0,-425.0 -677.0,-583.0
-1127.0,-425.0 -687.0,-665.0
-1039.0,-425.0 -1201.0,-445.0
-1039.0,-425.0 -1207.0,-631.0
-1039.0,-425.0 -1243.0,-595.0
-1039.0,-419.0 -1019.0,-717.0
-1059.0,-383.0 -847.0,-757.0
-1059.0,-383.0 -787.0,-773.0
-1059.0,-383.0 -767.0,-759.0
-1059.0,-383.0 -711.0,-453.0
-1059.0,-383.0 -779.0,-697.0
-1059.0,-383.0 -825.0,-425.0
-1059.0,-383.0 -787.0,-389.0
-1147.0,-385.0 -1201.0,-445.0
-1147.0,-385.0 -1237.0,-409.0
-1147.0,-385.0 -1155.0,-653.0
-1147.0,-385.0 -1207.0,-631.0
-1147.0,-385.0 -1243.0,-595.0
-1147.0,-385.0 -1203.0,-675.0
-1147.0,-385.0 -1203.0,-1149.0
-1147.0,-385.0 -1193.0,-779.0
-1093.0,-667.0 -1237.0,-445.0
-1093.0,-667.0 -907.0,-767.0
-1093.0,-667.0 -873.0,-715.0
-1093.0,-667.0 -781.0,-837.0
-1093.0,-667.0 -731.0,-723.0
-1093.0,-667.0 -759.0,-699.0
-1093.0,-667.0 -1119.0,-653.0
-1093.0,-667.0 -1207.0,-595.0
-1093.0,-667.0 -1085.0,-783.0
-1093.0,-667.0 -1019.0,-717.0
-1061.0,-667.0 -783.0,-499.0
-1061.0,-667.0 -819.0,-463.0
-1061.0,-667.0 -771.0,-665.0
-1061.0,-667.0 -737.0,-393.0
-1061.0,-667.0 -1119.0,-691.0
-1061.0,-667.0 -609.0,-659.0
-1061.0,-667.0 -645.0,-623.0
-1061.0,-667.0 -543.0,-659.0
-1061.0,-667.0 -1085.0,-717.0
-1061.0,-667.0 -1193.0,-779.0
-1061.0,-667.0 -787.0,-425.0
-1061.0,-667.0 -825.0,-389.0
-1061.0,-629.0 -907.0,-767.0
-1061.0,-629.0 -873.0,-715.0
-1061.0,-629.0 -817.0,-873.0
-1061.0,-629.0 -767.0,-759.0
-1061.0,-629.0 -731.0,-723.0
-1061.0,-629.0 -747.0,-955.0
-1061.0,-629.0 -709.0,-999.0
-1061.0,-629.0 -1207.0,-595.0
-1061.0,-629.0 -1019.0,-717.0
-1093.0,-629.0 -783.0,-499.0
-1093.0,-629.0 -819.0,-463.0
-1093.0,-629.0 -711.0,-491.0
-1093.0,-629.0 -575.0,-565.0
-1093.0,-629.0 -617.0,-565.0
-1093.0,-629.0 -737.0,-393.0
-1093.0,-629.0 -787.0,-581.0
-1093.0,-629.0 -823.0,-545.0
-1093.0,-629.0 -1119.0,-691.0
-1093.0,-629.0 -1155.0,-653.0
-1093.0,-629.0 -1207.0,-631.0
-1093.0,-629.0 -713.0,-583.0
-1093.0,-629.0 -1239.0,-639.0
-1093.0,-629.0 -787.0,-425.0
-1093.0,-629.0 -825.0,-389.0
-1237.0,-445.0 -717.0,-665.0
-1237.0,-445.0 -819.0,-499.0
-1237.0,-445.0 -587.0,-529.0
-1237.0,-445.0 -653.0,-565.0
-1237.0,-445.0 -619.0,-529.0
-1237.0,-445.0 -747.0,-665.0
-1237.0,-445.0 -823.0,-581.0
-1237.0,-445.0 -787.0,-545.0
-1237.0,-445.0 -1155.0,-691.0
-1237.0,-445.0 -1119.0,-653.0
-1237.0,-445.0 -1207.0,-595.0
-1237.0,-445.0 -645.0,-659.0
-1237.0,-445.0 -517.0,-593.0
-1237.0,-445.0 -713.0,-619.0
-1237.0,-445.0 -615.0,-577.0
-1237.0,-445.0 -687.0,-665.0
-1201.0,-445.0 -1207.0,-631.0
-1201.0,-445.0 -1243.0,-595.0
-1201.0,-445.0 -1203.0,-675.0
-1201.0,-409.0 -717.0,-665.0
-1201.0,-409.0 -1171.0,-1165.0
-1201.0,-409.0 -747.0,-665.0
-1201.0,-409.0 -779.0,-697.0
-1201.0,-409.0 -823.0,-581.0
-1201.0,-409.0 -787.0,-545.0
-1201.0,-409.0 -1155.0,-691.0
-1201.0,-409.0 -1119.0,-653.0
-1201.0,-409.0 -1193.0,-719.0
-1201.0,-409.0 -687.0,-665.0
-1237.0,-409.0 -1243.0,-595.0
-1237.0,-409.0 -1253.0,-719.0
-729.0,-699.0 -343.0,-715.0
-715.0,-699.0 -879.0,-715.0
-715.0,-699.0 -731.0,-759.0
-715.0,-699.0 -767.0,-723.0
-715.0,-699.0 -1085.0,-717.0
-715.0,-699.0 -1253.0,-719.0
-717.0,-665.0 -783.0,-463.0
-717.0,-665.0 -747.0,-491.0
-717.0,-665.0 -823.0,-581.0
-717.0,-665.0 -787.0,-545.0
-717.0,-665.0 -787.0,-389.0
-741.0,-665.0 -609.0,-659.0
-741.0,-665.0 -645.0,-623.0
-741.0,-665.0 -543.0,-659.0
-741.0,-665.0 -681.0,-619.0
-447.0,-491.0 -357.0,-527.0
-447.0,-491.0 -217.0,-551.0
-447.0,-491.0 45.0,-591.0
-447.0,-491.0 111.0,-525.0
-447.0,-491.0 -557.0,-453.0
-417.0,-491.0 -471.0,-603.0
-417.0,-491.0 -649.0,-937.0
-417.0,-491.0 -783.0,-499.0
-417.0,-491.0 -611.0,-529.0
-417.0,-491.0 -653.0,-529.0
-417.0,-491.0 -711.0,-955.0
-417.0,-491.0 -357.0,-453.0
-417.0,-491.0 -393.0,-417.0
-417.0,-491.0 -823.0,-545.0
-417.0,-491.0 -685.0,-999.0
-417.0,-491.0 -709.0,-973.0
-417.0,-491.0 -581.0,-623.0
-417.0,-491.0 -509.0,-565.0
-417.0,-491.0 -545.0,-529.0
-417.0,-491.0 -505.0,-623.0
-417.0,-491.0 -523.0,-593.0
-417.0,-439.0 -405.0,-603.0
-417.0,-439.0 -393.0,-565.0
-417.0,-439.0 -357.0,-527.0
-417.0,-439.0 -253.0,-587.0
-417.0,-439.0 -393.0,-453.0
-417.0,-439.0 -63.0,-783.0
-417.0,-439.0 -521.0,-417.0
-417.0,-439.0 -75.0,-821.0
-469.0,-439.0 -471.0,-603.0
-469.0,-439.0 -483.0,-1037.0
-469.0,-439.0 -477.0,-945.0
-469.0,-439.0 -611.0,-529.0
-469.0,-439.0 -653.0,-529.0
-469.0,-439.0 -393.0,-417.0
-469.0,-439.0 -581.0,-491.0
-469.0,-439.0 -521.0,-453.0
-469.0,-439.0 -509.0,-565.0
-469.0,-439.0 -545.0,-529.0
-469.0,-439.0 -505.0,-623.0
-469.0,-469.0 -405.0,-603.0
-469.0,-469.0 -393.0,-565.0
-469.0,-469.0 -343.0,-715.0
-469.0,-469.0 -277.0,-727.0
-471.0,-671.0 -421.0,-1045.0
-471.0,-671.0 -441.0,-945.0
-471.0,-671.0 -345.0,-1123.0
-471.0,-671.0 -401.0,-1143.0
-471.0,-671.0 -397.0,-857.0
-471.0,-671.0 -343.0,-715.0
-471.0,-671.0 -277.0,-727.0
-471.0,-671.0 -63.0,-783.0
-471.0,-671.0 -21.0,-739.0
-471.0,-671.0 -521.0,-417.0
-471.0,-671.0 -645.0,-659.0
-471.0,-671.0 -581.0,-659.0
-471.0,-671.0 -543.0,-623.0
-471.0,-671.0 -509.0,-533.0
-471.0,-671.0 -537.0,-623.0
-471.0,-671.0 -517.0,-593.0
-471.0,-671.0 -687.0,-665.0
-405.0,-671.0 -357.0,-565.0
-405.0,-671.0 -393.0,-527.0
-405.0,-671.0 -421.0,-1057.0
-405.0,-671.0 -441.0,-981.0
-405.0,-671.0 -477.0,-945.0
-405.0,-671.0 -817.0,-837.0
-405.0,-671.0 -217.0,-587.0
-405.0,-671.0 -253.0,-551.0
-405.0,-671.0 -787.0,-811.0
-405.0,-671.0 -613.0,-975.0
-405.0,-671.0 -649.0,-937.0
-405.0,-671.0 -731.0,-759.0
-405.0,-671.0 -767.0,-723.0
-405.0,-671.0 -711.0,-955.0
-405.0,-671.0 -747.0,-919.0
-405.0,-671.0 45.0,-525.0
-405.0,-671.0 -393.0,-417.0
-405.0,-671.0 -709.0,-973.0
-405.0,-671.0 -685.0,-699.0
-405.0,-603.0 -169.0,-825.0
-405.0,-603.0 -401.0,-1143.0
-405.0,-603.0 -397.0,-857.0
-405.0,-603.0 -343.0,-715.0
-405.0,-603.0 -277.0,-727.0
-405.0,-603.0 -611.0,-565.0
-405.0,-603.0 -653.0,-565.0
-405.0,-603.0 -63.0,-783.0
-405.0,-603.0 -21.0,-739.0
-405.0,-603.0 65.0,-885.0
-405.0,-603.0 -787.0,-545.0
-405.0,-603.0 -581.0,-439.0
-405.0,-603.0 -557.0,-453.0
-405.0,-603.0 -521.0,-417.0
-405.0,-603.0 -545.0,-565.0
-405.0,-603.0 -511.0,-531.0
-405.0,-603.0 -517.0,-593.0
-405.0,-603.0 -615.0,-577.0
-405.0,-603.0 -75.0,-821.0
-471.0,-603.0 -357.0,-565.0
-471.0,-603.0 -393.0,-527.0
-471.0,-603.0 -483.0,-1037.0
-471.0,-603.0 -477.0,-945.0
-471.0,-603.0 -217.0,-587.0
-471.0,-603.0 -253.0,-551.0
-471.0,-603.0 -613.0,-975.0
-471.0,-603.0 -649.0,-937.0
-471.0,-603.0 -711.0,-955.0
-471.0,-603.0 -747.0,-919.0
-471.0,-603.0 -357.0,-453.0
-471.0,-603.0 -685.0,-999.0
-471.0,-603.0 -709.0,-973.0
-471.0,-603.0 -543.0,-659.0
-471.0,-603.0 -505.0,-623.0
-393.0,-565.0 -169.0,-825.0
-393.0,-565.0 -343.0,-715.0
-393.0,-565.0 -253.0,-587.0
-393.0,-565.0 -311.0,-779.0
-393.0,-565.0 -277.0,-727.0
-393.0,-565.0 -63.0,-783.0
-393.0,-565.0 -21.0,-739.0
-393.0,-565.0 65.0,-885.0
-393.0,-565.0 -611.0,-491.0
-393.0,-565.0 -581.0,-439.0
-393.0,-565.0 -557.0,-453.0
-393.0,-565.0 -521.0,-417.0
-393.0,-565.0 -511.0,-531.0
-393.0,-565.0 -75.0,-821.0
-357.0,-565.0 -477.0,-945.0
-357.0,-565.0 -397.0,-743.0
-357.0,-565.0 -253.0,-551.0
-357.0,-565.0 -787.0,-581.0
-357.0,-565.0 -523.0,-593.0
-357.0,-565.0 -651.0,-577.0
-357.0,-527.0 -169.0,-825.0
-357.0,-527.0 -343.0,-715.0
-357.0,-527.0 -253.0,-587.0
-357.0,-527.0 -217.0,-551.0
-357.0,-527.0 -819.0,-499.0
-357.0,-527.0 -311.0,-779.0
-357.0,-527.0 -251.0,-773.0
-357.0,-527.0 -747.0,-491.0
-357.0,-527.0 45.0,-591.0
-357.0,-527.0 -393.0,-453.0
-357.0,-527.0 -63.0,-783.0
-357.0,-527.0 -21.0,-739.0
-357.0,-527.0 -307.0,-891.0
-357.0,-527.0 -611.0,-491.0
-357.0,-527.0 -557.0,-453.0
-357.0,-527.0 -75.0,-821.0
-393.0,-527.0 -421.0,-1057.0
-393.0,-527.0 -397.0,-743.0
-393.0,-527.0 -611.0,-529.0
-393.0,-527.0 -653.0,-529.0
-393.0,-527.0 45.0,-525.0
-393.0,-527.0 -357.0,-453.0
-393.0,-527.0 -543.0,-659.0
-393.0,-527.0 -509.0,-565.0
-393.0,-527.0 -545.0,-529.0
-393.0,-527.0 -505.0,-623.0
-393.0,-527.0 -523.0,-593.0
-393.0,-527.0 -615.0,-613.0
-235.0,-891.0 -109.0,-967.0
-235.0,-891.0 -77.0,-935.0
-235.0,-891.0 -253.0,-587.0
-235.0,-891.0 -213.0,-1135.0
-235.0,-891.0 -199.0,-1121.0
-235.0,-891.0 -79.0,-1007.0
-235.0,-891.0 -241.0,-825.0
-235.0,-891.0 -147.0,-893.0
-169.0,-891.0 -431.0,-1075.0
-169.0,-891.0 -467.0,-1021.0
-169.0,-891.0 -441.0,-981.0
-169.0,-891.0 -477.0,-945.0
-169.0,-891.0 -351.0,-1155.0
-169.0,-891.0 -395.0,-1113.0
-169.0,-891.0 -649.0,-937.0
-169.0,-891.0 -681.0,-1081.0
-169.0,-891.0 -747.0,-919.0
-169.0,-891.0 -199.0,-1135.0
-169.0,-891.0 -213.0,-1121.0
-169.0,-891.0 -147.0,-821.0
-169.0,-825.0 -253.0,-587.0
-169.0,-825.0 -217.0,-551.0
-169.0,-825.0 -311.0,-779.0
-169.0,-825.0 -277.0,-727.0
-169.0,-825.0 -393.0,-453.0
-169.0,-825.0 -357.0,-417.0
-169.0,-825.0 -557.0,-453.0
-169.0,-825.0 -521.0,-417.0
-169.0,-825.0 -147.0,-893.0
-235.0,-825.0 -217.0,-587.0
-235.0,-825.0 45.0,-525.0
-235.0,-825.0 -21.0,-783.0
-235.0,-825.0 -63.0,-741.0
-235.0,-825.0 -241.0,-891.0
-235.0,-825.0 -147.0,-821.0
-109.0,-967.0 -441.0,-945.0
-109.0,-967.0 -817.0,-873.0
-109.0,-967.0 -397.0,-857.0
-109.0,-967.0 -787.0,-773.0
-109.0,-967.0 -767.0,-759.0
-109.0,-967.0 -711.0,-919.0
-109.0,-967.0 -79.0,-1007.0
-109.0,-967.0 -65.0,-993.0
-109.0,-967.0 -307.0,-891.0
-109.0,-967.0 -147.0,-893.0
-77.0,-967.0 -441.0,-1081.0
-77.0,-967.0 -461.0,-1019.0
-77.0,-967.0 -441.0,-981.0
-77.0,-967.0 -353.0,-1157.0
-77.0,-967.0 -387.0,-1107.0
-77.0,-967.0 -717.0,-1043.0
-77.0,-967.0 -21.0,-783.0
-77.0,-967.0 -63.0,-741.0
-77.0,-967.0 -199.0,-1135.0
-77.0,-967.0 -213.0,-1121.0
-77.0,-967.0 -79.0,-993.0
-77.0,-967.0 103.0,-885.0
-77.0,-967.0 65.0,-849.0
-77.0,-967.0 -685.0,-999.0
-77.0,-967.0 -75.0,-893.0
-77.0,-935.0 -817.0,-873.0
-77.0,-935.0 -711.0,-919.0
-77.0,-935.0 -65.0,-993.0
-77.0,-935.0 -307.0,-891.0
-77.0,-935.0 -147.0,-893.0
-109.0,-935.0 -441.0,-1081.0
-109.0,-935.0 -461.0,-1019.0
-109.0,-935.0 -441.0,-981.0
-109.0,-935.0 -477.0,-945.0
-109.0,-935.0 -353.0,-1157.0
-109.0,-935.0 -387.0,-1107.0
-109.0,-935.0 -649.0,-937.0
-109.0,-935.0 -717.0,-1043.0
-109.0,-935.0 -199.0,-1135.0
-109.0,-935.0 -213.0,-1121.0
-109.0,-935.0 103.0,-885.0
-109.0,-935.0 65.0,-849.0
-109.0,-935.0 -75.0,-893.0
-1171.0,-1165.0 -1239.0,-1149.0
-1171.0,-1165.0 -1203.0,-1113.0
-1171.0,-1165.0 -1253.0,-779.0
-1171.0,-1165.0 -1193.0,-719.0
-1105.0,-1165.0 -1085.0,-1099.0
-1105.0,-1099.0 -1107.0,-1047.0
-1105.0,-1099.0 -1085.0,-1165.0
-1105.0,-1099.0 -1253.0,-779.0
-1171.0,-1099.0 -441.0,-1081.0
-1171.0,-1099.0 -649.0,-937.0
-1171.0,-1099.0 -819.0,-463.0
-1171.0,-1099.0 -1069.0,-1047.0
-1171.0,-1099.0 -1107.0,-1015.0
-1171.0,-1099.0 -681.0,-1081.0
-1171.0,-1099.0 -711.0,-955.0
-1171.0,-1099.0 -861.0,-987.0
-1171.0,-1099.0 -709.0,-973.0
-1171.0,-1099.0 -1019.0,-783.0
-1171.0,-1099.0 -1203.0,-1149.0
-1171.0,-1099.0 -1239.0,-1113.0
-463.0,-1081.0 -365.0,-1105.0
-463.0,-1081.0 -685.0,-1045.0
-463.0,-1081.0 -213.0,-1135.0
-463.0,-1081.0 -199.0,-1121.0
-463.0,-1081.0 -915.0,-987.0
-463.0,-1081.0 -709.0,-999.0
-463.0,-1081.0 -685.0,-973.0
-441.0,-1081.0 -65.0,-1007.0
-441.0,-1081.0 -79.0,-993.0
-441.0,-1081.0 65.0,-849.0
-441.0,-1081.0 -1085.0,-1099.0
-437.0,-1079.0 -75.0,-893.0
-431.0,-1075.0 -241.0,-891.0
-423.0,-1063.0 -343.0,-829.0
-423.0,-1063.0 -311.0,-773.0
-423.0,-1063.0 -307.0,-825.0
-421.0,-1057.0 -397.0,-743.0
-421.0,-1057.0 -393.0,-417.0
-421.0,-1045.0 -441.0,-945.0
-421.0,-1045.0 -401.0,-1143.0
-421.0,-1045.0 -521.0,-417.0
-421.0,-1045.0 -509.0,-533.0
-421.0,-1045.0 -505.0,-617.0
-429.0,-1027.0 -349.0,-1115.0
-431.0,-1025.0 -477.0,-981.0
-431.0,-1025.0 -787.0,-773.0
-431.0,-1025.0 -767.0,-759.0
-437.0,-1021.0 -213.0,-1135.0
-437.0,-1021.0 -199.0,-1121.0
-445.0,-1019.0 -649.0,-975.0
-445.0,-1019.0 -1069.0,-1015.0
-445.0,-1019.0 -747.0,-955.0
-445.0,-1019.0 -915.0,-987.0
-445.0,-1019.0 -709.0,-999.0
-445.0,-1019.0 -685.0,-973.0
-461.0,-1019.0 -681.0,-1081.0
-461.0,-1019.0 -717.0,-1043.0
-461.0,-1019.0 -65.0,-1007.0
-461.0,-1019.0 -79.0,-993.0
-461.0,-1019.0 65.0,-849.0
-461.0,-1019.0 -75.0,-893.0
-471.0,-1023.0 -241.0,-891.0
-479.0,-1031.0 -441.0,-981.0
-479.0,-1031.0 -307.0,-825.0
-483.0,-1037.0 -477.0,-945.0
-483.0,-1063.0 -611.0,-565.0
-483.0,-1063.0 -645.0,-659.0
-483.0,-1063.0 -609.0,-623.0
-483.0,-1063.0 -581.0,-659.0
-483.0,-1063.0 -543.0,-623.0
-483.0,-1063.0 -545.0,-565.0
-483.0,-1063.0 -509.0,-533.0
-483.0,-1063.0 -537.0,-623.0
-483.0,-1063.0 -505.0,-617.0
-483.0,-1063.0 -677.0,-583.0
-483.0,-1063.0 -615.0,-577.0
-481.0,-1067.0 -687.0,-665.0
-475.0,-1075.0 -389.0,-1159.0
-475.0,-1075.0 -649.0,-975.0
-907.0,-767.0 -817.0,-873.0
-907.0,-767.0 -781.0,-837.0
-907.0,-767.0 -823.0,-811.0
-907.0,-767.0 -787.0,-773.0
-907.0,-767.0 -681.0,-1047.0
-907.0,-767.0 -861.0,-933.0
-907.0,-767.0 -1019.0,-717.0
-847.0,-767.0 -731.0,-759.0
-847.0,-767.0 -767.0,-723.0
-847.0,-767.0 -819.0,-463.0
-847.0,-767.0 -711.0,-491.0
-847.0,-767.0 -745.0,-699.0
-847.0,-767.0 -771.0,-665.0
-847.0,-767.0 -861.0,-987.0
-847.0,-767.0 -915.0,-933.0
-847.0,-767.0 -787.0,-581.0
-847.0,-767.0 -823.0,-545.0
-847.0,-767.0 -1019.0,-1165.0
-847.0,-767.0 -633.0,-439.0
-847.0,-767.0 -1019.0,-783.0
-847.0,-767.0 -713.0,-583.0
-847.0,-767.0 -825.0,-389.0
-847.0,-757.0 -817.0,-873.0
-847.0,-757.0 -823.0,-811.0
-873.0,-715.0 -477.0,-981.0
-873.0,-715.0 -441.0,-945.0
-873.0,-715.0 -787.0,-773.0
-873.0,-715.0 -767.0,-759.0
-873.0,-715.0 -731.0,-723.0
-873.0,-715.0 -1155.0,-691.0
-879.0,-715.0 -653.0,-529.0
-879.0,-715.0 -745.0,-699.0
-879.0,-715.0 -771.0,-665.0
-879.0,-715.0 -1019.0,-783.0
-879.0,-715.0 -1085.0,-717.0
-879.0,-715.0 -681.0,-619.0
-879.0,-715.0 -713.0,-583.0
-879.0,-715.0 -685.0,-699.0
-883.0,-719.0 -711.0,-491.0
-883.0,-719.0 -787.0,-581.0
-883.0,-719.0 -633.0,-439.0
-907.0,-761.0 -819.0,-463.0
-907.0,-761.0 -823.0,-545.0
-907.0,-761.0 -825.0,-389.0
-477.0,-981.0 -787.0,-773.0
-477.0,-981.0 -767.0,-759.0
-477.0,-981.0 -731.0,-723.0
-477.0,-981.0 -213.0,-1135.0
-477.0,-981.0 -199.0,-1121.0
-477.0,-981.0 -79.0,-1007.0
-477.0,-981.0 -65.0,-993.0
-477.0,-981.0 -645.0,-659.0
-477.0,-981.0 -609.0,-623.0
-477.0,-981.0 -581.0,-659.0
-477.0,-981.0 -543.0,-623.0
-477.0,-981.0 -509.0,-533.0
-477.0,-981.0 -537.0,-623.0
-477.0,-981.0 -505.0,-617.0
-477.0,-981.0 -713.0,-619.0
-477.0,-981.0 -615.0,-577.0
-477.0,-981.0 -687.0,-665.0
-441.0,-981.0 -343.0,-829.0
-441.0,-981.0 -397.0,-743.0
-441.0,-981.0 -681.0,-1081.0
-441.0,-981.0 -717.0,-1043.0
-441.0,-981.0 103.0,-885.0
-441.0,-981.0 -685.0,-999.0
-441.0,-981.0 -241.0,-891.0
-441.0,-981.0 -307.0,-825.0
-441.0,-981.0 -75.0,-893.0
-441.0,-945.0 -817.0,-873.0
-441.0,-945.0 -349.0,-1115.0
-441.0,-945.0 -401.0,-1143.0
-441.0,-945.0 -787.0,-773.0
-441.0,-945.0 -613.0,-937.0
-441.0,-945.0 -767.0,-759.0
-441.0,-945.0 -731.0,-723.0
-441.0,-945.0 -819.0,-499.0
-441.0,-945.0 -711.0,-919.0
-441.0,-945.0 -213.0,-1135.0
-441.0,-945.0 -199.0,-1121.0
-441.0,-945.0 -79.0,-1007.0
-441.0,-945.0 -65.0,-993.0
-441.0,-945.0 -787.0,-545.0
-441.0,-945.0 -521.0,-417.0
-441.0,-945.0 -645.0,-659.0
-441.0,-945.0 -609.0,-623.0
-441.0,-945.0 -581.0,-659.0
-441.0,-945.0 -543.0,-623.0
-441.0,-945.0 -509.0,-533.0
-441.0,-945.0 -537.0,-623.0
-441.0,-945.0 -505.0,-617.0
-441.0,-945.0 -713.0,-619.0
-441.0,-945.0 -687.0,-665.0
-477.0,-945.0 -343.0,-829.0
-477.0,-945.0 -397.0,-743.0
-477.0,-945.0 -251.0,-779.0
-477.0,-945.0 -681.0,-1081.0
-477.0,-945.0 103.0,-885.0
-477.0,-945.0 -241.0,-891.0
-477.0,-945.0 -307.0,-825.0
-477.0,-945.0 -75.0,-893.0
-817.0,-873.0 -823.0,-811.0
-817.0,-873.0 -613.0,-937.0
-817.0,-873.0 -681.0,-1047.0
-817.0,-873.0 -747.0,-955.0
-817.0,-873.0 -711.0,-919.0
-817.0,-873.0 -79.0,-1007.0
-817.0,-873.0 -65.0,-993.0
-817.0,-873.0 -307.0,-891.0
-781.0,-873.0 -391.0,-857.0
-781.0,-873.0 -731.0,-759.0
-781.0,-873.0 -767.0,-723.0
-781.0,-873.0 -779.0,-691.0
-781.0,-873.0 -861.0,-987.0
-781.0,-873.0 -915.0,-933.0
-781.0,-873.0 -685.0,-699.0
-781.0,-837.0 -823.0,-811.0
-781.0,-837.0 -787.0,-773.0
-781.0,-837.0 -649.0,-975.0
-781.0,-837.0 -783.0,-463.0
-781.0,-837.0 -717.0,-1081.0
-781.0,-837.0 -747.0,-955.0
-781.0,-837.0 -711.0,-919.0
-781.0,-837.0 -787.0,-545.0
-781.0,-837.0 -1119.0,-653.0
-781.0,-837.0 -1019.0,-717.0
-817.0,-837.0 -351.0,-715.0
-817.0,-837.0 -787.0,-811.0
-817.0,-837.0 -1107.0,-1015.0
-817.0,-837.0 45.0,-525.0
-817.0,-837.0 -861.0,-987.0
-817.0,-837.0 -915.0,-933.0
-817.0,-837.0 -609.0,-659.0
-817.0,-837.0 -543.0,-659.0
-385.0,-1161.0 -717.0,-1081.0
-385.0,-1161.0 -685.0,-1045.0
-361.0,-1161.0 -199.0,-1135.0
-361.0,-1161.0 -213.0,-1121.0
-361.0,-1161.0 -1019.0,-1165.0
-353.0,-1157.0 -65.0,-1007.0
-353.0,-1157.0 -79.0,-993.0
-353.0,-1157.0 -75.0,-893.0
-345.0,-1145.0 -343.0,-829.0
-345.0,-1145.0 -311.0,-773.0
-345.0,-1145.0 -241.0,-891.0
-345.0,-1145.0 -307.0,-825.0
-345.0,-1123.0 -397.0,-857.0
-345.0,-1123.0 -575.0,-533.0
-345.0,-1123.0 -543.0,-623.0
-345.0,-1123.0 -537.0,-623.0
-345.0,-1123.0 -505.0,-617.0
-349.0,-1115.0 -609.0,-623.0
-349.0,-1115.0 -581.0,-659.0
-365.0,-1105.0 -717.0,-1081.0
-365.0,-1105.0 -685.0,-1045.0
-365.0,-1105.0 -213.0,-1135.0
-365.0,-1105.0 -199.0,-1121.0
-365.0,-1105.0 -915.0,-987.0
-365.0,-1105.0 -1019.0,-1099.0
-381.0,-1105.0 -65.0,-1007.0
-387.0,-1107.0 -79.0,-993.0
-387.0,-1107.0 -75.0,-893.0
-395.0,-1113.0 -241.0,-891.0
-401.0,-1125.0 -343.0,-829.0
-401.0,-1125.0 -397.0,-743.0
-401.0,-1125.0 -311.0,-773.0
-401.0,-1125.0 -307.0,-825.0
-401.0,-1143.0 -521.0,-417.0
-401.0,-1143.0 -509.0,-533.0
-401.0,-1143.0 -505.0,-617.0
-389.0,-1159.0 -649.0,-975.0
-389.0,-1159.0 -709.0,-999.0
-389.0,-1159.0 -685.0,-973.0
-397.0,-857.0 -787.0,-773.0
-397.0,-857.0 -767.0,-759.0
-397.0,-857.0 -731.0,-723.0
-397.0,-857.0 -213.0,-1135.0
-397.0,-857.0 -199.0,-1121.0
-397.0,-857.0 -79.0,-1007.0
-397.0,-857.0 -65.0,-993.0
-397.0,-857.0 -779.0,-697.0
-397.0,-857.0 -307.0,-891.0
-397.0,-857.0 -645.0,-659.0
-397.0,-857.0 -581.0,-659.0
-397.0,-857.0 -543.0,-623.0
-397.0,-857.0 -537.0,-623.0
-397.0,-857.0 -505.0,-617.0
-397.0,-857.0 -713.0,-619.0
-397.0,-857.0 -687.0,-665.0
-391.0,-857.0 -649.0,-937.0
-391.0,-857.0 -251.0,-779.0
-391.0,-857.0 -711.0,-955.0
-391.0,-857.0 -747.0,-919.0
-391.0,-857.0 -915.0,-933.0
-391.0,-857.0 -307.0,-825.0
-343.0,-829.0 -217.0,-587.0
-343.0,-829.0 -253.0,-551.0
-343.0,-829.0 -297.0,-747.0
-343.0,-829.0 -681.0,-1081.0
-343.0,-715.0 -311.0,-779.0
-343.0,-715.0 -277.0,-727.0
-343.0,-715.0 -357.0,-417.0
-343.0,-715.0 -21.0,-739.0
-343.0,-715.0 -759.0,-699.0
-343.0,-715.0 -307.0,-891.0
-343.0,-715.0 -1155.0,-691.0
-343.0,-715.0 -645.0,-659.0
-343.0,-715.0 -581.0,-659.0
-343.0,-715.0 -697.0,-699.0
-343.0,-715.0 -687.0,-665.0
-351.0,-715.0 -787.0,-811.0
-351.0,-715.0 -823.0,-773.0
-351.0,-715.0 -731.0,-759.0
-351.0,-715.0 -767.0,-723.0
-351.0,-715.0 -747.0,-919.0
-351.0,-715.0 45.0,-525.0
-397.0,-743.0 -217.0,-587.0
-397.0,-743.0 -253.0,-551.0
-397.0,-743.0 -649.0,-937.0
-397.0,-743.0 -711.0,-955.0
-397.0,-743.0 -393.0,-417.0
-397.0,-743.0 -709.0,-973.0
-253.0,-587.0 -251.0,-773.0
-253.0,-587.0 -611.0,-565.0
-253.0,-587.0 -653.0,-565.0
-253.0,-587.0 45.0,-591.0
-253.0,-587.0 -393.0,-453.0
-253.0,-587.0 -357.0,-417.0
-253.0,-587.0 -63.0,-783.0
-253.0,-587.0 -21.0,-739.0
-253.0,-587.0 -241.0,-825.0
-253.0,-587.0 -545.0,-565.0
-253.0,-587.0 -615.0,-577.0
-253.0,-587.0 -75.0,-821.0
-217.0,-587.0 -649.0,-937.0
-217.0,-587.0 -251.0,-779.0
-217.0,-587.0 -307.0,-765.0
-217.0,-587.0 -711.0,-955.0
-217.0,-587.0 -747.0,-919.0
-217.0,-587.0 45.0,-525.0
-217.0,-587.0 -709.0,-973.0
-217.0,-587.0 -241.0,-891.0
-217.0,-587.0 -523.0,-593.0
-217.0,-551.0 45.0,-591.0
-217.0,-551.0 -393.0,-453.0
-217.0,-551.0 -357.0,-417.0
-217.0,-551.0 -63.0,-783.0
-217.0,-551.0 -21.0,-739.0
-217.0,-551.0 103.0,-849.0
-217.0,-551.0 -147.0,-893.0
-217.0,-551.0 -75.0,-821.0
-253.0,-551.0 -649.0,-937.0
-253.0,-551.0 -311.0,-773.0
-253.0,-551.0 -711.0,-955.0
-253.0,-551.0 45.0,-525.0
-253.0,-551.0 -709.0,-973.0
-253.0,-551.0 -523.0,-593.0
-823.0,-811.0 -1019.0,-717.0
-823.0,-811.0 -825.0,-425.0
-787.0,-811.0 -731.0,-759.0
-787.0,-811.0 -767.0,-723.0
-787.0,-811.0 -783.0,-499.0
-787.0,-811.0 -1107.0,-1015.0
-787.0,-811.0 45.0,-525.0
-787.0,-811.0 -779.0,-691.0
-787.0,-811.0 -609.0,-659.0
-787.0,-811.0 -543.0,-659.0
-787.0,-773.0 -747.0,-955.0
-787.0,-773.0 -79.0,-1007.0
-787.0,-773.0 -65.0,-993.0
-787.0,-773.0 -823.0,-581.0
-787.0,-773.0 -307.0,-891.0
-823.0,-773.0 -731.0,-759.0
-823.0,-773.0 -767.0,-723.0
-823.0,-773.0 -711.0,-491.0
-823.0,-773.0 -747.0,-453.0
-823.0,-773.0 -745.0,-699.0
-823.0,-773.0 -771.0,-665.0
-823.0,-773.0 -861.0,-987.0
-823.0,-773.0 -915.0,-933.0
-823.0,-773.0 -737.0,-393.0
-823.0,-773.0 -787.0,-581.0
-823.0,-773.0 -1019.0,-783.0
-649.0,-975.0 -731.0,-723.0
-649.0,-975.0 -653.0,-565.0
-649.0,-975.0 -747.0,-955.0
-649.0,-975.0 -711.0,-919.0
-649.0,-975.0 -689.0,-393.0
-649.0,-975.0 -685.0,-973.0
-649.0,-975.0 -677.0,-583.0
-649.0,-975.0 -651.0,-609.0
-649.0,-975.0 -687.0,-665.0
-613.0,-975.0 -681.0,-1081.0
-613.0,-975.0 -717.0,-1043.0
-613.0,-975.0 -685.0,-999.0
-613.0,-975.0 -609.0,-659.0
-613.0,-975.0 -543.0,-659.0
-613.0,-975.0 -581.0,-623.0
-613.0,-975.0 -505.0,-623.0
-613.0,-937.0 -767.0,-759.0
-613.0,-937.0 -731.0,-723.0
-613.0,-937.0 -711.0,-919.0
-613.0,-937.0 -689.0,-393.0
-613.0,-937.0 -645.0,-659.0
-613.0,-937.0 -677.0,-583.0
-613.0,-937.0 -651.0,-609.0
-613.0,-937.0 -687.0,-665.0
-649.0,-937.0 -575.0,-565.0
-649.0,-937.0 -681.0,-1081.0
-649.0,-937.0 -711.0,-955.0
-649.0,-937.0 103.0,-885.0
-649.0,-937.0 -685.0,-999.0
-649.0,-937.0 -709.0,-973.0
-649.0,-937.0 -241.0,-891.0
-649.0,-937.0 -609.0,-659.0
-649.0,-937.0 -645.0,-623.0
-649.0,-937.0 -543.0,-659.0
-649.0,-937.0 -581.0,-623.0
-649.0,-937.0 -505.0,-623.0
-649.0,-937.0 -1239.0,-1113.0
-649.0,-937.0 -75.0,-893.0
-767.0,-759.0 -747.0,-955.0
-767.0,-759.0 -79.0,-1007.0
-767.0,-759.0 -65.0,-993.0
-767.0,-759.0 -779.0,-697.0
-767.0,-759.0 -823.0,-581.0
-767.0,-759.0 -307.0,-891.0
-731.0,-759.0 -609.0,-659.0
-731.0,-759.0 -543.0,-659.0
-731.0,-759.0 -1019.0,-783.0
-731.0,-759.0 -685.0,-699.0
-731.0,-723.0 -199.0,-1121.0
-731.0,-723.0 -79.0,-1007.0
-731.0,-723.0 -65.0,-993.0
-731.0,-723.0 -779.0,-697.0
-731.0,-723.0 -685.0,-973.0
-731.0,-723.0 -1155.0,-691.0
-767.0,-723.0 -745.0,-699.0
-767.0,-723.0 -543.0,-659.0
-767.0,-723.0 -685.0,-699.0
-819.0,-499.0 -587.0,-529.0
-819.0,-499.0 -653.0,-565.0
-819.0,-499.0 -619.0,-529.0
-819.0,-499.0 111.0,-525.0
-819.0,-499.0 -787.0,-545.0
-819.0,-499.0 -521.0,-529.0
-819.0,-499.0 -713.0,-619.0
-819.0,-499.0 -677.0,-583.0
-819.0,-499.0 -825.0,-425.0
-819.0,-499.0 -687.0,-665.0
-783.0,-499.0 -711.0,-491.0
-783.0,-499.0 -747.0,-453.0
-783.0,-499.0 -737.0,-393.0
-783.0,-499.0 -787.0,-581.0
-783.0,-499.0 -823.0,-545.0
-783.0,-499.0 -1155.0,-653.0
-783.0,-499.0 -1207.0,-631.0
-783.0,-499.0 -581.0,-491.0
-783.0,-463.0 -747.0,-491.0
-783.0,-463.0 -653.0,-565.0
-783.0,-463.0 -747.0,-665.0
-783.0,-463.0 -779.0,-697.0
-783.0,-463.0 -713.0,-619.0
-783.0,-463.0 -677.0,-583.0
-783.0,-463.0 -649.0,-613.0
-783.0,-463.0 -825.0,-425.0
-783.0,-463.0 -787.0,-389.0
-819.0,-463.0 -747.0,-453.0
-819.0,-463.0 -1107.0,-1015.0
-819.0,-463.0 -861.0,-987.0
-819.0,-463.0 -709.0,-437.0
-819.0,-463.0 -737.0,-393.0
-819.0,-463.0 -823.0,-545.0
-819.0,-463.0 -1155.0,-653.0
-819.0,-463.0 -557.0,-417.0
-819.0,-463.0 -1085.0,-717.0
-819.0,-463.0 -1203.0,-675.0
-819.0,-463.0 -1203.0,-1149.0
-819.0,-463.0 -1193.0,-779.0
-819.0,-463.0 -787.0,-425.0
-311.0,-779.0 -357.0,-417.0
-311.0,-779.0 -63.0,-783.0
-311.0,-779.0 103.0,-849.0
-311.0,-779.0 -307.0,-891.0
-311.0,-779.0 -241.0,-825.0
-311.0,-779.0 -75.0,-821.0
-251.0,-779.0 -681.0,-1081.0
-251.0,-779.0 45.0,-525.0
-251.0,-779.0 -63.0,-741.0
-251.0,-779.0 -307.0,-825.0
-251.0,-773.0 -357.0,-417.0
-251.0,-773.0 -241.0,-825.0
-277.0,-727.0 -63.0,-783.0
-277.0,-727.0 -21.0,-739.0
-277.0,-727.0 65.0,-885.0
-277.0,-727.0 103.0,-849.0
-277.0,-727.0 -557.0,-453.0
-277.0,-727.0 -521.0,-417.0
-277.0,-727.0 -645.0,-659.0
-277.0,-727.0 -581.0,-659.0
-277.0,-727.0 -75.0,-821.0
-285.0,-727.0 45.0,-525.0
-747.0,-491.0 -587.0,-529.0
-747.0,-491.0 -653.0,-565.0
-747.0,-491.0 -619.0,-529.0
-747.0,-491.0 111.0,-525.0
-747.0,-491.0 -521.0,-529.0
-747.0,-491.0 -713.0,-619.0
-747.0,-491.0 -677.0,-583.0
-747.0,-491.0 -649.0,-613.0
-747.0,-491.0 -825.0,-425.0
-747.0,-491.0 -787.0,-389.0
-711.0,-491.0 -777.0,-679.0
-711.0,-491.0 -915.0,-933.0
-711.0,-491.0 -689.0,-403.0
-711.0,-491.0 -787.0,-581.0
-711.0,-491.0 -823.0,-545.0
-711.0,-491.0 -1207.0,-631.0
-711.0,-491.0 -633.0,-439.0
-711.0,-491.0 -713.0,-583.0
-711.0,-453.0 -575.0,-533.0
-711.0,-453.0 -653.0,-565.0
-711.0,-453.0 -619.0,-529.0
-711.0,-453.0 -737.0,-403.0
-711.0,-453.0 -611.0,-491.0
-711.0,-453.0 -645.0,-659.0
-711.0,-453.0 -511.0,-531.0
-711.0,-453.0 -677.0,-583.0
-711.0,-453.0 -651.0,-609.0
-711.0,-453.0 -825.0,-425.0
-711.0,-453.0 -787.0,-389.0
-747.0,-453.0 -779.0,-691.0
-747.0,-453.0 -709.0,-437.0
-747.0,-453.0 -737.0,-393.0
-747.0,-453.0 -787.0,-581.0
-747.0,-453.0 -633.0,-439.0
-747.0,-453.0 -557.0,-417.0
-1107.0,-1047.0 -1085.0,-1165.0
-1107.0,-1047.0 -1019.0,-1099.0
-1107.0,-1047.0 -1253.0,-779.0
-1069.0,-1047.0 -711.0,-955.0
-1069.0,-1047.0 -861.0,-987.0
-1069.0,-1047.0 -1085.0,-1099.0
-1069.0,-1047.0 -685.0,-999.0
-1069.0,-1047.0 -709.0,-973.0
-1069.0,-1047.0 -1019.0,-783.0
-1069.0,-1047.0 -1239.0,-1113.0
-1069.0,-1015.0 -717.0,-1081.0
-1069.0,-1015.0 -1019.0,-1099.0
-1107.0,-1015.0 -65.0,-1007.0
-1107.0,-1015.0 -79.0,-993.0
-1107.0,-1015.0 -861.0,-987.0
-1107.0,-1015.0 -685.0,-999.0
-1107.0,-1015.0 -709.0,-973.0
-1107.0,-1015.0 -543.0,-659.0
-1107.0,-1015.0 -1019.0,-783.0
-1107.0,-1015.0 -1239.0,-1113.0
-611.0,-565.0 -617.0,-533.0
-611.0,-565.0 -609.0,-623.0
-611.0,-565.0 -581.0,-659.0
-611.0,-565.0 -543.0,-623.0
-611.0,-565.0 -537.0,-623.0
-611.0,-565.0 -517.0,-593.0
-575.0,-565.0 -681.0,-1081.0
-575.0,-565.0 -711.0,-955.0
-575.0,-565.0 -787.0,-581.0
-575.0,-565.0 -685.0,-999.0
-575.0,-565.0 -709.0,-973.0
-575.0,-565.0 -1207.0,-631.0
-575.0,-565.0 -521.0,-453.0
-575.0,-565.0 -557.0,-417.0
-575.0,-565.0 -609.0,-659.0
-575.0,-565.0 -581.0,-623.0
-575.0,-565.0 -545.0,-529.0
-575.0,-565.0 -713.0,-583.0
-575.0,-565.0 -615.0,-613.0
-575.0,-565.0 -651.0,-577.0
-575.0,-565.0 -1239.0,-639.0
-575.0,-533.0 -717.0,-437.0
-575.0,-533.0 -581.0,-439.0
-575.0,-533.0 -633.0,-469.0
-575.0,-533.0 -543.0,-623.0
-575.0,-533.0 -545.0,-565.0
-575.0,-533.0 -537.0,-623.0
-611.0,-529.0 -617.0,-565.0
-611.0,-529.0 -581.0,-491.0
-611.0,-529.0 -521.0,-453.0
-611.0,-529.0 -615.0,-613.0
-717.0,-1081.0 -747.0,-955.0
-717.0,-1081.0 -861.0,-933.0
-681.0,-1081.0 -653.0,-529.0
-681.0,-1081.0 -1085.0,-1099.0
-681.0,-1081.0 -307.0,-825.0
-681.0,-1081.0 -609.0,-659.0
-681.0,-1081.0 -645.0,-623.0
-681.0,-1081.0 -581.0,-623.0
-681.0,-1081.0 -677.0,-615.0
-681.0,-1081.0 -651.0,-577.0
-681.0,-1081.0 -75.0,-893.0
-681.0,-1047.0 -747.0,-955.0
-681.0,-1047.0 -709.0,-999.0
-681.0,-1047.0 -685.0,-973.0
-681.0,-1047.0 -685.0,-691.0
-717.0,-1043.0 -711.0,-955.0
-717.0,-1043.0 103.0,-885.0
-717.0,-1043.0 -685.0,-999.0
-717.0,-1043.0 -709.0,-973.0
-717.0,-1043.0 -677.0,-615.0
-717.0,-1043.0 -685.0,-699.0
-653.0,-565.0 -689.0,-393.0
-653.0,-565.0 -787.0,-545.0
-653.0,-565.0 -517.0,-593.0
-653.0,-565.0 -615.0,-577.0
-653.0,-565.0 -651.0,-609.0
-617.0,-565.0 -787.0,-581.0
-617.0,-565.0 -1207.0,-631.0
-617.0,-565.0 -713.0,-583.0
-617.0,-565.0 -651.0,-577.0
-617.0,-565.0 -1239.0,-639.0
-617.0,-533.0 -633.0,-469.0
-617.0,-533.0 -609.0,-623.0
-617.0,-533.0 -615.0,-577.0
-619.0,-529.0 -717.0,-437.0
-619.0,-529.0 -689.0,-393.0
-619.0,-529.0 -787.0,-389.0
-653.0,-529.0 -711.0,-955.0
-653.0,-529.0 -787.0,-581.0
-653.0,-529.0 -823.0,-545.0
-653.0,-529.0 -685.0,-999.0
-653.0,-529.0 -709.0,-973.0
-653.0,-529.0 -581.0,-491.0
-653.0,-529.0 -633.0,-439.0
-653.0,-529.0 -1019.0,-783.0
-653.0,-529.0 -677.0,-615.0
-653.0,-529.0 -713.0,-583.0
-653.0,-529.0 -685.0,-699.0
-747.0,-955.0 -779.0,-697.0
-747.0,-955.0 -823.0,-581.0
-747.0,-955.0 -709.0,-999.0
-747.0,-955.0 -685.0,-973.0
-711.0,-955.0 -521.0,-453.0
-711.0,-955.0 -609.0,-659.0
-711.0,-955.0 -645.0,-623.0
-711.0,-955.0 -543.0,-659.0
-711.0,-955.0 -581.0,-623.0
-711.0,-955.0 -545.0,-529.0
-711.0,-955.0 -505.0,-623.0
-711.0,-955.0 -651.0,-577.0
-711.0,-955.0 -1239.0,-1113.0
-711.0,-955.0 -685.0,-699.0
-711.0,-919.0 -709.0,-999.0
-711.0,-919.0 -685.0,-973.0
-747.0,-919.0 -357.0,-453.0
-747.0,-919.0 -915.0,-933.0
-747.0,-919.0 -241.0,-891.0
-747.0,-919.0 -609.0,-659.0
-747.0,-919.0 -543.0,-659.0
-747.0,-919.0 -581.0,-623.0
-747.0,-919.0 -505.0,-623.0
-747.0,-919.0 -75.0,-893.0
45.0,-591.0 -393.0,-453.0
45.0,-591.0 -357.0,-417.0
111.0,-525.0 -393.0,-453.0
111.0,-525.0 -357.0,-417.0
111.0,-525.0 -611.0,-491.0
45.0,-525.0 -21.0,-783.0
45.0,-525.0 -63.0,-741.0
45.0,-525.0 -65.0,-1007.0
45.0,-525.0 -147.0,-821.0
-393.0,-453.0 -63.0,-783.0
-393.0,-453.0 -75.0,-821.0
-357.0,-453.0 -581.0,-623.0
-357.0,-453.0 -509.0,-565.0
-357.0,-453.0 -505.0,-623.0
-357.0,-453.0 -523.0,-593.0
-357.0,-417.0 103.0,-849.0
-357.0,-417.0 -689.0,-393.0
-357.0,-417.0 -307.0,-891.0
-393.0,-417.0 -521.0,-453.0
-63.0,-783.0 65.0,-885.0
-63.0,-783.0 103.0,-849.0
-63.0,-783.0 -511.0,-531.0
-21.0,-783.0 -65.0,-1007.0
-21.0,-783.0 -79.0,-993.0
-21.0,-783.0 -307.0,-825.0
-21.0,-783.0 -75.0,-893.0
-21.0,-783.0 -147.0,-821.0
-21.0,-739.0 65.0,-885.0
-21.0,-739.0 103.0,-849.0
-21.0,-739.0 -645.0,-659.0
-21.0,-739.0 -581.0,-659.0
-21.0,-739.0 -511.0,-531.0
-21.0,-739.0 -687.0,-665.0
-63.0,-741.0 -65.0,-1007.0
-63.0,-741.0 -307.0,-825.0
-63.0,-741.0 -75.0,-893.0
-63.0,-741.0 -147.0,-821.0
-213.0,-1135.0 -915.0,-987.0
-213.0,-1135.0 -787.0,-545.0
-213.0,-1135.0 -307.0,-891.0
-213.0,-1135.0 -241.0,-825.0
-213.0,-1135.0 -645.0,-659.0
-213.0,-1135.0 -609.0,-623.0
-213.0,-1135.0 -581.0,-659.0
-213.0,-1135.0 -713.0,-619.0
-213.0,-1135.0 -687.0,-665.0
-199.0,-1135.0 -79.0,-993.0
-199.0,-1135.0 -147.0,-821.0
-199.0,-1121.0 -307.0,-891.0
-199.0,-1121.0 -645.0,-659.0
-199.0,-1121.0 -581.0,-659.0
-199.0,-1121.0 -713.0,-619.0
-199.0,-1121.0 -687.0,-665.0
-213.0,-1121.0 -79.0,-993.0
-213.0,-1121.0 65.0,-849.0
-213.0,-1121.0 -147.0,-821.0
-79.0,-1007.0 -779.0,-697.0
-79.0,-1007.0 -709.0,-999.0
-79.0,-1007.0 -307.0,-891.0
-65.0,-1007.0 65.0,-849.0
-65.0,-993.0 -307.0,-891.0
-65.0,-993.0 -75.0,-821.0
-79.0,-993.0 103.0,-885.0
-79.0,-993.0 65.0,-849.0
-79.0,-993.0 -685.0,-999.0
65.0,-885.0 -581.0,-439.0
65.0,-885.0 -557.0,-453.0
65.0,-885.0 -511.0,-531.0
65.0,-885.0 -75.0,-821.0
103.0,-885.0 -75.0,-893.0
103.0,-849.0 -75.0,-821.0
65.0,-849.0 -75.0,-893.0
-759.0,-699.0 -1155.0,-691.0
-745.0,-699.0 -1085.0,-717.0
-745.0,-699.0 -1253.0,-719.0
-747.0,-665.0 -823.0,-581.0
-747.0,-665.0 -787.0,-545.0
-747.0,-665.0 -787.0,-389.0
-771.0,-665.0 -915.0,-933.0
-771.0,-665.0 -1119.0,-691.0
-771.0,-665.0 -633.0,-439.0
-771.0,-665.0 -609.0,-659.0
-771.0,-665.0 -645.0,-623.0
-771.0,-665.0 -543.0,-659.0
-771.0,-665.0 -1085.0,-717.0
-771.0,-665.0 -681.0,-619.0
-771.0,-665.0 -713.0,-583.0
-771.0,-665.0 -1253.0,-719.0
-779.0,-697.0 -823.0,-581.0
-779.0,-697.0 -787.0,-545.0
-915.0,-987.0 -709.0,-999.0
-861.0,-987.0 -823.0,-545.0
-861.0,-987.0 -1085.0,-1099.0
-861.0,-987.0 -709.0,-973.0
-861.0,-987.0 -1239.0,-1113.0
-915.0,-933.0 -1019.0,-1165.0
-717.0,-437.0 -611.0,-491.0
-717.0,-437.0 -581.0,-439.0
-717.0,-437.0 -825.0,-425.0
-717.0,-437.0 -787.0,-389.0
-709.0,-437.0 -557.0,-417.0
-689.0,-403.0 -713.0,-583.0
-689.0,-393.0 -581.0,-439.0
-689.0,-393.0 -633.0,-469.0
-689.0,-393.0 -521.0,-417.0
-689.0,-393.0 -645.0,-659.0
-689.0,-393.0 -677.0,-583.0
-689.0,-393.0 -651.0,-609.0
-689.0,-393.0 -787.0,-389.0
-737.0,-393.0 -787.0,-581.0
-737.0,-393.0 -1193.0,-779.0
-737.0,-393.0 -787.0,-425.0
-823.0,-581.0 -645.0,-659.0
-823.0,-581.0 -713.0,-619.0
-823.0,-581.0 -677.0,-583.0
-823.0,-581.0 -825.0,-425.0
-823.0,-581.0 -687.0,-665.0
-787.0,-581.0 -1207.0,-631.0
-787.0,-581.0 -581.0,-491.0
-787.0,-581.0 -633.0,-439.0
-787.0,-581.0 -509.0,-565.0
-787.0,-581.0 -1019.0,-783.0
-787.0,-581.0 -651.0,-577.0
-787.0,-581.0 -1239.0,-639.0
-787.0,-545.0 -517.0,-593.0
-787.0,-545.0 -713.0,-619.0
-787.0,-545.0 -677.0,-583.0
-787.0,-545.0 -615.0,-577.0
-787.0,-545.0 -687.0,-665.0
-823.0,-545.0 -1207.0,-631.0
-823.0,-545.0 -581.0,-491.0
-823.0,-545.0 -1019.0,-783.0
-823.0,-545.0 -1239.0,-639.0
-685.0,-999.0 -609.0,-659.0
-685.0,-999.0 -645.0,-623.0
-685.0,-999.0 -543.0,-659.0
-685.0,-999.0 -581.0,-623.0
-685.0,-999.0 -505.0,-623.0
-685.0,-999.0 -677.0,-615.0
-685.0,-999.0 -651.0,-577.0
-709.0,-973.0 -521.0,-453.0
-709.0,-973.0 -609.0,-659.0
-709.0,-973.0 -645.0,-623.0
-709.0,-973.0 -543.0,-659.0
-709.0,-973.0 -581.0,-623.0
-709.0,-973.0 -505.0,-623.0
-709.0,-973.0 -677.0,-615.0
-709.0,-973.0 -651.0,-577.0
-709.0,-973.0 -1239.0,-1113.0
-709.0,-973.0 -685.0,-699.0
-307.0,-891.0 -147.0,-893.0
-307.0,-825.0 -147.0,-821.0
-1155.0,-691.0 -1207.0,-595.0
-1155.0,-691.0 -1019.0,-717.0
-1155.0,-691.0 -1239.0,-675.0
-1155.0,-691.0 -1203.0,-639.0
-1119.0,-691.0 -645.0,-623.0
-1119.0,-691.0 -681.0,-619.0
-1119.0,-691.0 -615.0,-613.0
-1119.0,-691.0 -1193.0,-779.0
-1119.0,-691.0 -1253.0,-719.0
-1119.0,-653.0 -1243.0,-631.0
-1119.0,-653.0 -1207.0,-595.0
-1119.0,-653.0 -1019.0,-717.0
-1119.0,-653.0 -1203.0,-639.0
-1155.0,-653.0 -1203.0,-675.0
-1155.0,-653.0 -1203.0,-1149.0
-1155.0,-653.0 -1239.0,-1113.0
-1155.0,-653.0 -1193.0,-779.0
-1155.0,-653.0 -1253.0,-719.0
-1155.0,-653.0 -787.0,-425.0
-1243.0,-631.0 -1239.0,-675.0
-1243.0,-631.0 -1203.0,-639.0
-1207.0,-631.0 -713.0,-583.0
-1207.0,-631.0 -1239.0,-639.0
-1207.0,-595.0 -1019.0,-717.0
-1207.0,-595.0 -713.0,-619.0
-1207.0,-595.0 -1203.0,-639.0
-1207.0,-595.0 -1193.0,-719.0
-1243.0,-595.0 -1253.0,-719.0
-611.0,-491.0 -511.0,-531.0
-581.0,-491.0 -521.0,-453.0
-581.0,-491.0 -557.0,-417.0
-581.0,-439.0 -557.0,-453.0
-581.0,-439.0 -543.0,-623.0
-581.0,-439.0 -545.0,-565.0
-581.0,-439.0 -509.0,-533.0
-581.0,-439.0 -537.0,-623.0
-581.0,-439.0 -75.0,-821.0
-633.0,-439.0 -557.0,-417.0
-633.0,-439.0 -677.0,-615.0
-633.0,-439.0 -713.0,-583.0
-633.0,-469.0 -545.0,-565.0
-557.0,-453.0 -543.0,-623.0
-557.0,-453.0 -545.0,-565.0
-557.0,-453.0 -509.0,-533.0
-557.0,-453.0 -75.0,-821.0
-521.0,-453.0 -609.0,-659.0
-521.0,-453.0 -581.0,-623.0
-521.0,-453.0 -545.0,-529.0
-521.0,-417.0 -509.0,-533.0
-557.0,-417.0 -581.0,-623.0
-645.0,-659.0 -713.0,-619.0
-645.0,-659.0 -677.0,-583.0
-645.0,-659.0 -651.0,-609.0
-609.0,-659.0 -581.0,-623.0
-609.0,-659.0 -545.0,-529.0
-609.0,-659.0 -685.0,-699.0
-609.0,-659.0 -709.0,-665.0
-609.0,-623.0 -581.0,-659.0
-609.0,-623.0 -713.0,-619.0
-609.0,-623.0 -649.0,-613.0
-609.0,-623.0 -615.0,-577.0
-645.0,-623.0 -523.0,-593.0
-645.0,-623.0 -1085.0,-717.0
-645.0,-623.0 -615.0,-613.0
-645.0,-623.0 -1253.0,-719.0
-645.0,-623.0 -685.0,-699.0
-645.0,-623.0 -709.0,-665.0
-581.0,-659.0 -615.0,-577.0
-543.0,-659.0 -505.0,-623.0
-543.0,-659.0 -537.0,-617.0
-543.0,-659.0 -685.0,-699.0
-543.0,-659.0 -709.0,-665.0
-543.0,-623.0 -545.0,-565.0
-543.0,-623.0 -713.0,-619.0
-543.0,-623.0 -649.0,-613.0
-543.0,-623.0 -615.0,-577.0
-581.0,-623.0 -509.0,-565.0
-581.0,-623.0 -545.0,-529.0
-581.0,-623.0 -523.0,-593.0
-545.0,-565.0 -537.0,-623.0
-545.0,-565.0 -517.0,-593.0
-509.0,-565.0 -531.0,-605.0
-509.0,-565.0 -615.0,-613.0
-509.0,-565.0 -651.0,-577.0
-509.0,-533.0 -505.0,-617.0
-511.0,-531.0 -75.0,-821.0
-537.0,-623.0 -713.0,-619.0
-537.0,-623.0 -649.0,-613.0
-537.0,-623.0 -615.0,-577.0
-517.0,-593.0 -615.0,-577.0
-523.0,-593.0 -1085.0,-717.0
-523.0,-593.0 -615.0,-613.0
-1085.0,-783.0 -1253.0,-779.0
-1019.0,-783.0 -713.0,-583.0
-1019.0,-783.0 -1203.0,-1149.0
-1019.0,-717.0 -1239.0,-675.0
-1085.0,-717.0 -681.0,-619.0
-1085.0,-717.0 -713.0,-583.0
-1085.0,-717.0 -615.0,-613.0
-1085.0,-717.0 -1253.0,-719.0
-1085.0,-717.0 -787.0,-425.0
-1085.0,-717.0 -825.0,-389.0
-1085.0,-717.0 -685.0,-699.0
-713.0,-619.0 -787.0,-389.0
-713.0,-619.0 -687.0,-665.0
-681.0,-619.0 -615.0,-613.0
-681.0,-619.0 -1253.0,-719.0
-677.0,-615.0 -651.0,-577.0
-677.0,-615.0 -685.0,-699.0
-677.0,-615.0 -709.0,-665.0
-677.0,-583.0 -649.0,-613.0
-713.0,-583.0 -651.0,-577.0
-713.0,-583.0 -1239.0,-639.0
-615.0,-613.0 -1253.0,-719.0
-651.0,-577.0 -685.0,-699.0
-651.0,-577.0 -709.0,-665.0
-1239.0,-675.0 -1193.0,-719.0
-1203.0,-675.0 -1253.0,-719.0
-1203.0,-675.0 -787.0,-425.0
-1203.0,-639.0 -1193.0,-719.0
-1239.0,-639.0 -1253.0,-719.0
-1239.0,-1149.0 -1253.0,-779.0
-1203.0,-1149.0 -1193.0,-779.0
-1203.0,-1113.0 -1253.0,-779.0
-1239.0,-1113.0 -1193.0,-779.0
-1253.0,-719.0 -685.0,-699.0