64.0,-806.0 66.0,-806.0 66.0,-804.0 64.0,-804.0 
-4.0,-970.0 4.0,-970.0 4.0,-962.0 -4.0,-962.0 
-1116.0,-866.0 -1086.0,-866.0 -1086.0,-790.0 -1158.0,-790.0 -1158.0,-862.0 
52.0,-656.0 114.0,-656.0 114.0,-594.0 52.0,-594.0 
-966.0,-1160.0 -958.0,-1160.0 -950.0,-1158.0 -944.0,-1154.0 -938.0,-1148.0 -934.0,-1140.0 -934.0,-1124.0 -936.0,-1118.0 -938.0,-1114.0 -942.0,-1110.0 -948.0,-1106.0 -954.0,-1104.0 -970.0,-1104.0 -974.0,-1106.0 -980.0,-1110.0 -984.0,-1114.0 -988.0,-1120.0 -990.0,-1128.0 -990.0,-1136.0 -988.0,-1142.0 -984.0,-1150.0 -980.0,-1154.0 -972.0,-1158.0 
-1130.0,-972.0 -1128.0,-970.0 -1124.0,-964.0 -1110.0,-938.0 -1108.0,-934.0 -1152.0,-934.0 -1138.0,-960.0 -1132.0,-970.0 
-962.0,-474.0 -960.0,-474.0 -938.0,-448.0 -950.0,-414.0 -984.0,-408.0 -986.0,-408.0 -980.0,-426.0 
-958.0,-1078.0 -928.0,-1078.0 -928.0,-1048.0 -958.0,-1048.0 
-982.0,-978.0 -952.0,-978.0 -952.0,-946.0 -982.0,-946.0 
-730.0,-856.0 -726.0,-856.0 -720.0,-852.0 -720.0,-826.0 -726.0,-824.0 -744.0,-824.0 -750.0,-826.0 -750.0,-854.0 
-74.0,-1144.0 -68.0,-1144.0 -64.0,-1140.0 -64.0,-1134.0 -68.0,-1130.0 -74.0,-1130.0 -76.0,-1132.0 -78.0,-1136.0 -78.0,-1138.0 -76.0,-1142.0 
-118.0,-1060.0 -110.0,-1060.0 -110.0,-1052.0 -118.0,-1052.0 
-46.0,-1154.0 -2.0,-1154.0 0.0,-1144.0 0.0,-1118.0 -2.0,-1114.0 -6.0,-1110.0 -36.0,-1108.0 -46.0,-1108.0 
-588.0,-976.0 -556.0,-976.0 -556.0,-946.0 -588.0,-946.0 
-818.0,-1052.0 -788.0,-1052.0 -788.0,-1020.0 -818.0,-1020.0 
-966.0,-650.0 -936.0,-650.0 -936.0,-618.0 -966.0,-618.0 
-816.0,-970.0 -786.0,-970.0 -786.0,-940.0 -816.0,-940.0 
-938.0,-876.0 -908.0,-876.0 -908.0,-800.0 -980.0,-800.0 -980.0,-872.0 
-1126.0,-590.0 -1104.0,-590.0 -1060.0,-580.0 -1052.0,-578.0 -1048.0,-576.0 -1038.0,-566.0 -1036.0,-558.0 -1036.0,-556.0 -1038.0,-550.0 -1042.0,-544.0 -1048.0,-540.0 -1052.0,-538.0 -1058.0,-536.0 -1066.0,-534.0 -1080.0,-534.0 -1096.0,-536.0 -1104.0,-538.0 -1110.0,-540.0 -1114.0,-542.0 -1126.0,-550.0 -1134.0,-560.0 -1136.0,-564.0 -1136.0,-580.0 -1134.0,-584.0 -1130.0,-588.0 
-1120.0,-776.0 -1118.0,-776.0 -1098.0,-740.0 -1140.0,-740.0 
-1124.0,-422.0 -1042.0,-422.0 -1062.0,-386.0 -1104.0,-386.0 -1144.0,-388.0 
-1090.0,-664.0 -1064.0,-664.0 -1064.0,-632.0 -1090.0,-632.0 
-1234.0,-442.0 -1204.0,-442.0 -1204.0,-412.0 -1234.0,-412.0 
-726.0,-696.0 -718.0,-696.0 -718.0,-694.0 -720.0,-668.0 -738.0,-668.0 -744.0,-682.0 -746.0,-694.0 
-444.0,-488.0 -420.0,-488.0 -420.0,-442.0 -466.0,-442.0 -466.0,-466.0 
-468.0,-668.0 -408.0,-668.0 -408.0,-606.0 -468.0,-606.0 
-390.0,-562.0 -360.0,-562.0 -360.0,-530.0 -390.0,-530.0 
-232.0,-888.0 -172.0,-888.0 -172.0,-828.0 -232.0,-828.0 
-106.0,-964.0 -80.0,-964.0 -80.0,-938.0 -106.0,-938.0 
-1168.0,-1162.0 -1108.0,-1162.0 -1108.0,-1102.0 -1168.0,-1102.0 
-460.0,-1078.0 -444.0,-1078.0 -440.0,-1076.0 -434.0,-1072.0 -432.0,-1070.0 -428.0,-1064.0 -426.0,-1060.0 -424.0,-1054.0 -424.0,-1048.0 -426.0,-1040.0 -428.0,-1036.0 -432.0,-1030.0 -434.0,-1028.0 -440.0,-1024.0 -448.0,-1022.0 -458.0,-1022.0 -464.0,-1024.0 -468.0,-1026.0 -476.0,-1034.0 -480.0,-1040.0 -480.0,-1060.0 -478.0,-1064.0 -474.0,-1070.0 -472.0,-1072.0 
-904.0,-764.0 -850.0,-764.0 -850.0,-760.0 -872.0,-722.0 -876.0,-718.0 -880.0,-722.0 -892.0,-742.0 -902.0,-760.0 
-474.0,-978.0 -444.0,-978.0 -444.0,-948.0 -474.0,-948.0 
-814.0,-870.0 -784.0,-870.0 -784.0,-840.0 -814.0,-840.0 
-382.0,-1158.0 -364.0,-1158.0 -356.0,-1154.0 -354.0,-1152.0 -350.0,-1146.0 -348.0,-1142.0 -348.0,-1126.0 -352.0,-1118.0 -358.0,-1112.0 -362.0,-1110.0 -368.0,-1108.0 -378.0,-1108.0 -384.0,-1110.0 -392.0,-1116.0 -396.0,-1122.0 -398.0,-1128.0 -398.0,-1140.0 -394.0,-1148.0 -386.0,-1156.0 
-394.0,-854.0 -346.0,-826.0 -346.0,-718.0 -348.0,-718.0 -394.0,-746.0 
-250.0,-584.0 -220.0,-584.0 -220.0,-554.0 -250.0,-554.0 
-820.0,-808.0 -790.0,-808.0 -790.0,-776.0 -820.0,-776.0 
-646.0,-972.0 -616.0,-972.0 -616.0,-940.0 -646.0,-940.0 
-764.0,-756.0 -734.0,-756.0 -734.0,-726.0 -764.0,-726.0 
-816.0,-496.0 -786.0,-496.0 -786.0,-466.0 -816.0,-466.0 
-308.0,-776.0 -254.0,-776.0 -258.0,-768.0 -280.0,-730.0 -282.0,-730.0 -294.0,-750.0 -304.0,-768.0 
-744.0,-488.0 -714.0,-488.0 -714.0,-456.0 -744.0,-456.0 
-1104.0,-1044.0 -1072.0,-1044.0 -1072.0,-1018.0 -1104.0,-1018.0 
-608.0,-562.0 -578.0,-562.0 -578.0,-536.0 -582.0,-534.0 -590.0,-532.0 -608.0,-532.0 
-714.0,-1078.0 -684.0,-1078.0 -684.0,-1050.0 -688.0,-1048.0 -708.0,-1046.0 -714.0,-1046.0 
-650.0,-562.0 -620.0,-562.0 -620.0,-536.0 -622.0,-532.0 -650.0,-532.0 
-744.0,-952.0 -714.0,-952.0 -714.0,-922.0 -744.0,-922.0 
48.0,-588.0 108.0,-588.0 108.0,-528.0 48.0,-528.0 
-390.0,-450.0 -360.0,-450.0 -360.0,-420.0 -390.0,-420.0 
-60.0,-780.0 -24.0,-780.0 -24.0,-742.0 -60.0,-744.0 
-210.0,-1132.0 -202.0,-1132.0 -202.0,-1124.0 -210.0,-1124.0 
-76.0,-1004.0 -68.0,-1004.0 -68.0,-996.0 -76.0,-996.0 
68.0,-882.0 100.0,-882.0 100.0,-852.0 68.0,-852.0 
-756.0,-696.0 -748.0,-696.0 -748.0,-692.0 -750.0,-668.0 -768.0,-668.0 -774.0,-682.0 -776.0,-694.0 
-912.0,-984.0 -864.0,-984.0 -864.0,-936.0 -912.0,-936.0 
-714.0,-434.0 -712.0,-434.0 -700.0,-414.0 -692.0,-400.0 -692.0,-396.0 -734.0,-396.0 -734.0,-400.0 -720.0,-424.0 
-820.0,-578.0 -790.0,-578.0 -790.0,-548.0 -820.0,-548.0 
-1082.0,-1162.0 -1022.0,-1162.0 -1022.0,-1102.0 -1082.0,-1102.0 
-706.0,-996.0 -688.0,-996.0 -688.0,-976.0 -706.0,-976.0 
-304.0,-888.0 -244.0,-888.0 -244.0,-828.0 -304.0,-828.0 
-1152.0,-688.0 -1122.0,-688.0 -1122.0,-656.0 -1152.0,-656.0 
-1240.0,-628.0 -1210.0,-628.0 -1210.0,-598.0 -1240.0,-598.0 
-608.0,-488.0 -584.0,-488.0 -584.0,-442.0 -630.0,-442.0 -630.0,-466.0 
-554.0,-450.0 -524.0,-450.0 -524.0,-420.0 -554.0,-420.0 
-642.0,-656.0 -612.0,-656.0 -612.0,-626.0 -642.0,-626.0 
-578.0,-656.0 -546.0,-656.0 -546.0,-626.0 -578.0,-626.0 
-542.0,-562.0 -512.0,-562.0 -512.0,-536.0 -514.0,-534.0 -524.0,-532.0 -542.0,-532.0 
-534.0,-620.0 -508.0,-620.0 -520.0,-596.0 -528.0,-608.0 
-1082.0,-780.0 -1022.0,-780.0 -1022.0,-720.0 -1082.0,-720.0 
-710.0,-616.0 -684.0,-616.0 -680.0,-612.0 -680.0,-586.0 -710.0,-586.0 
-646.0,-610.0 -618.0,-610.0 -618.0,-580.0 -648.0,-580.0 -648.0,-606.0 
-1236.0,-672.0 -1206.0,-672.0 -1206.0,-642.0 -1236.0,-642.0 
-1236.0,-1146.0 -1206.0,-1146.0 -1206.0,-1116.0 -1236.0,-1116.0 
-1250.0,-776.0 -1196.0,-776.0 -1196.0,-722.0 -1250.0,-722.0 
-822.0,-422.0 -790.0,-422.0 -790.0,-392.0 -822.0,-392.0 
-694.0,-696.0 -688.0,-696.0 -688.0,-694.0 -690.0,-668.0 -706.0,-668.0 -714.0,-682.0 -714.0,-694.0 
-144.0,-890.0 -78.0,-890.0 -78.0,-824.0 -144.0,-824.0 