63.0,-807.0
67.0,-807.0
67.0,-803.0
63.0,-803.0
-5.0,-971.0
5.0,-971.0
5.0,-961.0
-5.0,-961.0
-1117.0,-867.0
-1085.0,-867.0
-1085.0,-789.0
-1159.0,-789.0
-1159.0,-863.0
51.0,-657.0
115.0,-657.0
115.0,-593.0
51.0,-593.0
-967.0,-1161.0
-957.0,-1161.0
-949.0,-1159.0
-943.0,-1155.0
-937.0,-1149.0
-933.0,-1141.0
-933.0,-1123.0
-935.0,-1117.0
-937.0,-1113.0
-941.0,-1109.0
-947.0,-1105.0
-953.0,-1103.0
-971.0,-1103.0
-975.0,-1105.0
-981.0,-1109.0
-985.0,-1113.0
-989.0,-1119.0
-991.0,-1127.0
-991.0,-1137.0
-989.0,-1143.0
-985.0,-1151.0
-981.0,-1155.0
-973.0,-1159.0
-1131.0,-973.0
-1129.0,-973.0
-1127.0,-971.0
-1123.0,-965.0
-1109.0,-939.0
-1107.0,-935.0
-1107.0,-933.0
-1153.0,-933.0
-1153.0,-935.0
-1139.0,-961.0
-1133.0,-971.0
-963.0,-475.0
-959.0,-475.0
-937.0,-449.0
-937.0,-447.0
-949.0,-413.0
-983.0,-407.0
-987.0,-407.0
-987.0,-409.0
-981.0,-427.0
-959.0,-1079.0
-927.0,-1079.0
-927.0,-1047.0
-959.0,-1047.0
-983.0,-979.0
-951.0,-979.0
-951.0,-945.0
-983.0,-945.0
-731.0,-857.0
-725.0,-857.0
-719.0,-853.0
-719.0,-825.0
-725.0,-823.0
-745.0,-823.0
-751.0,-825.0
-751.0,-855.0
-75.0,-1145.0
-67.0,-1145.0
-63.0,-1141.0
-63.0,-1133.0
-67.0,-1129.0
-75.0,-1129.0
-77.0,-1131.0
-79.0,-1135.0
-79.0,-1139.0
-77.0,-1143.0
-119.0,-1061.0
-109.0,-1061.0
-109.0,-1051.0
-119.0,-1051.0
-47.0,-1155.0
-1.0,-1155.0
1.0,-1145.0
1.0,-1117.0
-1.0,-1113.0
-5.0,-1109.0
-35.0,-1107.0
-47.0,-1107.0
-589.0,-977.0
-555.0,-977.0
-555.0,-945.0
-589.0,-945.0
-819.0,-1053.0
-787.0,-1053.0
-787.0,-1019.0
-819.0,-1019.0
-967.0,-651.0
-935.0,-651.0
-935.0,-617.0
-967.0,-617.0
-817.0,-971.0
-785.0,-971.0
-785.0,-939.0
-817.0,-939.0
-939.0,-877.0
-907.0,-877.0
-907.0,-799.0
-981.0,-799.0
-981.0,-873.0
-1127.0,-591.0
-1103.0,-591.0
-1059.0,-581.0
-1051.0,-579.0
-1047.0,-577.0
-1037.0,-567.0
-1035.0,-559.0
-1035.0,-555.0
-1037.0,-549.0
-1041.0,-543.0
-1047.0,-539.0
-1051.0,-537.0
-1057.0,-535.0
-1065.0,-533.0
-1081.0,-533.0
-1097.0,-535.0
-1105.0,-537.0
-1111.0,-539.0
-1115.0,-541.0
-1127.0,-549.0
-1135.0,-559.0
-1137.0,-563.0
-1137.0,-581.0
-1135.0,-585.0
-1131.0,-589.0
-1121.0,-777.0
-1117.0,-777.0
-1097.0,-741.0
-1097.0,-739.0
-1141.0,-739.0
-1141.0,-741.0
-1125.0,-423.0
-1041.0,-423.0
-1041.0,-421.0
-1061.0,-385.0
-1105.0,-385.0
-1145.0,-387.0
-1145.0,-389.0
-1091.0,-665.0
-1063.0,-665.0
-1063.0,-631.0
-1091.0,-631.0
-1235.0,-443.0
-1203.0,-443.0
-1203.0,-411.0
-1235.0,-411.0
-727.0,-697.0
-717.0,-697.0
-717.0,-693.0
-719.0,-667.0
-739.0,-667.0
-745.0,-681.0
-747.0,-693.0
-747.0,-695.0
-445.0,-489.0
-419.0,-489.0
-419.0,-441.0
-467.0,-441.0
-467.0,-467.0
-469.0,-669.0
-407.0,-669.0
-407.0,-605.0
-469.0,-605.0
-391.0,-563.0
-359.0,-563.0
-359.0,-529.0
-391.0,-529.0
-233.0,-889.0
-171.0,-889.0
-171.0,-827.0
-233.0,-827.0
-107.0,-965.0
-79.0,-965.0
-79.0,-937.0
-107.0,-937.0
-1169.0,-1163.0
-1107.0,-1163.0
-1107.0,-1101.0
-1169.0,-1101.0
-461.0,-1079.0
-443.0,-1079.0
-439.0,-1077.0
-433.0,-1073.0
-431.0,-1071.0
-427.0,-1065.0
-425.0,-1061.0
-423.0,-1055.0
-423.0,-1047.0
-425.0,-1039.0
-427.0,-1035.0
-431.0,-1029.0
-433.0,-1027.0
-439.0,-1023.0
-447.0,-1021.0
-459.0,-1021.0
-465.0,-1023.0
-469.0,-1025.0
-477.0,-1033.0
-481.0,-1039.0
-481.0,-1061.0
-479.0,-1065.0
-475.0,-1071.0
-473.0,-1073.0
-905.0,-765.0
-849.0,-765.0
-849.0,-759.0
-871.0,-721.0
-875.0,-717.0
-877.0,-717.0
-881.0,-721.0
-893.0,-741.0
-903.0,-759.0
-905.0,-763.0
-475.0,-979.0
-443.0,-979.0
-443.0,-947.0
-475.0,-947.0
-815.0,-871.0
-783.0,-871.0
-783.0,-839.0
-815.0,-839.0
-383.0,-1159.0
-363.0,-1159.0
-355.0,-1155.0
-353.0,-1153.0
-349.0,-1147.0
-347.0,-1143.0
-347.0,-1125.0
-351.0,-1117.0
-357.0,-1111.0
-361.0,-1109.0
-367.0,-1107.0
-379.0,-1107.0
-385.0,-1109.0
-393.0,-1115.0
-397.0,-1121.0
-399.0,-1127.0
-399.0,-1141.0
-395.0,-1149.0
-387.0,-1157.0
-395.0,-855.0
-393.0,-855.0
-345.0,-827.0
-345.0,-717.0
-349.0,-717.0
-395.0,-745.0
-251.0,-585.0
-219.0,-585.0
-219.0,-553.0
-251.0,-553.0
-821.0,-809.0
-789.0,-809.0
-789.0,-775.0
-821.0,-775.0
-647.0,-973.0
-615.0,-973.0
-615.0,-939.0
-647.0,-939.0
-765.0,-757.0
-733.0,-757.0
-733.0,-725.0
-765.0,-725.0
-817.0,-497.0
-785.0,-497.0
-785.0,-465.0
-817.0,-465.0
-309.0,-777.0
-253.0,-777.0
-253.0,-775.0
-257.0,-767.0
-279.0,-729.0
-283.0,-729.0
-295.0,-749.0
-305.0,-767.0
-309.0,-775.0
-745.0,-489.0
-713.0,-489.0
-713.0,-455.0
-745.0,-455.0
-1105.0,-1045.0
-1071.0,-1045.0
-1071.0,-1017.0
-1105.0,-1017.0
-609.0,-563.0
-577.0,-563.0
-577.0,-535.0
-581.0,-533.0
-589.0,-531.0
-609.0,-531.0
-715.0,-1079.0
-683.0,-1079.0
-683.0,-1049.0
-687.0,-1047.0
-707.0,-1045.0
-715.0,-1045.0
-651.0,-563.0
-619.0,-563.0
-619.0,-535.0
-621.0,-531.0
-651.0,-531.0
-745.0,-953.0
-713.0,-953.0
-713.0,-921.0
-745.0,-921.0
47.0,-589.0
109.0,-589.0
109.0,-527.0
47.0,-527.0
-391.0,-451.0
-359.0,-451.0
-359.0,-419.0
-391.0,-419.0
-61.0,-781.0
-23.0,-781.0
-23.0,-741.0
-25.0,-741.0
-61.0,-743.0
-211.0,-1133.0
-201.0,-1133.0
-201.0,-1123.0
-211.0,-1123.0
-77.0,-1005.0
-67.0,-1005.0
-67.0,-995.0
-77.0,-995.0
67.0,-883.0
101.0,-883.0
101.0,-851.0
67.0,-851.0
-757.0,-697.0
-747.0,-697.0
-747.0,-691.0
-749.0,-667.0
-769.0,-667.0
-775.0,-681.0
-777.0,-693.0
-777.0,-695.0
-913.0,-985.0
-863.0,-985.0
-863.0,-935.0
-913.0,-935.0
-715.0,-435.0
-711.0,-435.0
-699.0,-415.0
-691.0,-401.0
-691.0,-395.0
-735.0,-395.0
-735.0,-401.0
-721.0,-425.0
-821.0,-579.0
-789.0,-579.0
-789.0,-547.0
-821.0,-547.0
-1083.0,-1163.0
-1021.0,-1163.0
-1021.0,-1101.0
-1083.0,-1101.0
-707.0,-997.0
-687.0,-997.0
-687.0,-975.0
-707.0,-975.0
-305.0,-889.0
-243.0,-889.0
-243.0,-827.0
-305.0,-827.0
-1153.0,-689.0
-1121.0,-689.0
-1121.0,-655.0
-1153.0,-655.0
-1241.0,-629.0
-1209.0,-629.0
-1209.0,-597.0
-1241.0,-597.0
-609.0,-489.0
-583.0,-489.0
-583.0,-441.0
-631.0,-441.0
-631.0,-467.0
-555.0,-451.0
-523.0,-451.0
-523.0,-419.0
-555.0,-419.0
-643.0,-657.0
-611.0,-657.0
-611.0,-625.0
-643.0,-625.0
-579.0,-657.0
-545.0,-657.0
-545.0,-625.0
-579.0,-625.0
-543.0,-563.0
-511.0,-563.0
-511.0,-535.0
-513.0,-533.0
-523.0,-531.0
-543.0,-531.0
-535.0,-621.0
-507.0,-621.0
-507.0,-619.0
-519.0,-595.0
-521.0,-595.0
-529.0,-607.0
-535.0,-619.0
-1083.0,-781.0
-1021.0,-781.0
-1021.0,-719.0
-1083.0,-719.0
-711.0,-617.0
-683.0,-617.0
-679.0,-613.0
-679.0,-585.0
-711.0,-585.0
-647.0,-611.0
-617.0,-611.0
-617.0,-579.0
-649.0,-579.0
-649.0,-607.0
-1237.0,-673.0
-1205.0,-673.0
-1205.0,-641.0
-1237.0,-641.0
-1237.0,-1147.0
-1205.0,-1147.0
-1205.0,-1115.0
-1237.0,-1115.0
-1251.0,-777.0
-1195.0,-777.0
-1195.0,-721.0
-1251.0,-721.0
-823.0,-423.0
-789.0,-423.0
-789.0,-391.0
-823.0,-391.0
-695.0,-697.0
-687.0,-697.0
-687.0,-693.0
-689.0,-667.0
-707.0,-667.0
-715.0,-681.0
-715.0,-695.0
-145.0,-891.0
-77.0,-891.0
-77.0,-823.0
-145.0,-823.0